0.000001
0.000001
0.000001
0.000001
0.000002
0.000001
0.000001
0.000002
0.000002
0.000002
0.000001
0.000001
0.000001
0.000002
0.000002
0.000001
0.000001
0.000001
0.000001
0.000004
0.000002
0.000002
0.000002
0.000003
0.000003
0.000004
0.000007
0.000003
0.000001
0.000001
0.000002
0.000002
0.000005
0.000005
0.000025
0.000004
0.000002
0.000002
0.000002
0.000005
0.000008
0.000004
0.000015
0.000045
0.000006
0.000002
0.000002
0.000004
0.000004
0.000003
0.000006
0.000017
0.000014
0.000036
0.000007
0.000002
0.000002
0.000004
0.000006
0.000009
0.000015
0.000019
0.000028
0.000073
0.000056
0.000009
0.000002
0.000003
0.000003
0.000004
0.000010
0.000004
0.000021
0.000007
0.000013
0.000029
0.000172
0.000013
0.000002
0.000004
0.000006
0.000011
0.000011
0.000018
0.000023
0.000036
0.000094
0.000134
0.000267
0.000264
0.000017
0.000002
0.000003
0.000007
0.000007
0.000018
0.000013
0.000008
0.000022
0.000099
0.000036
0.000177
0.000056
0.000347
0.000021
0.000002
0.000006
0.000005
0.000012
0.000007
0.000009
0.000076
0.000163
0.000020
0.000017
0.000198
0.000061
0.000826
0.000545
0.000026
0.000003
0.000005
0.000009
0.000007
0.000020
0.000015
0.000046
0.000012
0.000112
0.000042
0.000214
0.000034
0.000864
0.000564
0.000738
0.000030
0.000002
0.000007
0.000010
0.000020
0.000021
0.000037
0.000048
0.000162
0.000231
0.000174
0.000219
0.000343
0.000905
0.000589
0.001887
0.004936
0.000036
0.000002
0.000006
0.000007
0.000011
0.000021
0.000011
0.000050
0.000046
0.000016
0.000088
0.000226
0.000027
0.000418
0.000241
0.000119
0.001082
0.003591
0.000042
0.000003
0.000009
0.000014
0.000021
0.000035
0.000040
0.000054
0.000089
0.000121
0.000190
0.000246
0.000369
0.000451
0.000628
0.000791
0.005326
0.014345
0.003966
0.000048
0.000003
0.000007
0.000013
0.000010
0.000011
0.000024
0.000052
0.000020
0.000245
0.000021
0.000520
0.000043
0.000466
0.000268
0.000060
0.000157
0.003135
0.000684
0.017458
0.000056
0.000003
0.000012
0.000009
0.000032
0.000036
0.000019
0.000016
0.000093
0.000039
0.000189
0.000239
0.000079
0.000467
0.000041
0.000131
0.003237
0.009366
0.000232
0.004921
0.009964
0.000062
0.000003
0.000010
0.000021
0.000017
0.000037
0.000027
0.000193
0.000054
0.000263
0.000098
0.000028
0.000174
0.001165
0.000309
0.002437
0.000471
0.003875
0.002073
0.006964
0.001125
0.013024
0.000072
0.000002
0.000018
0.000021
0.000034
0.000038
0.000076
0.000098
0.000407
0.000274
0.000439
0.000555
0.000992
0.001155
0.001798
0.002514
0.003517
0.004226
0.006048
0.018608
0.010365
0.013244
0.018213
0.000081
0.000003
0.000014
0.000013
0.000014
0.000064
0.000017
0.000100
0.000023
0.000044
0.000101
0.000697
0.000037
0.001370
0.000299
0.000146
0.000057
0.004397
0.000103
0.019502
0.000345
0.004477
0.006081
0.023122
0.000091
0.000004
0.000027
0.000033
0.000059
0.000016
0.000079
0.000102
0.000428
0.000286
0.000040
0.000563
0.001047
0.001184
0.001853
0.000079
0.003706
0.011354
0.006742
0.007675
0.000350
0.013533
0.018585
0.268202
0.032770
0.000100
0.000003
0.000019
0.000033
0.000024
0.000063
0.000048
0.000109
0.000106
0.000642
0.000112
0.000578
0.000195
0.000046
0.000317
0.002648
0.000520
0.011699
0.002469
0.008131
0.003856
0.013964
0.015067
0.023306
0.010065
0.042670
0.000121
0.000004
0.000043
0.000018
0.000064
0.000069
0.000033
0.000114
0.000218
0.000033
0.000512
0.000610
0.000205
0.001290
0.001986
0.000434
0.003968
0.004960
0.000085
0.008895
0.012701
0.001516
0.020575
0.135554
0.010364
0.745366
0.058867
0.000137
0.000004
0.000030
0.000059
0.000021
0.000071
0.000052
0.000028
0.000044
0.000311
0.000240
0.000624
0.000104
0.003018
0.000060
0.002808
0.000219
0.005132
0.002759
0.009197
0.000425
0.000174
0.006764
0.073385
0.000733
0.378670
0.015921
0.192589
0.000141
0.000004
0.000063
0.000057
0.000110
0.000119
0.000160
0.000470
0.000220
0.000678
0.000512
0.000611
0.001179
0.002971
0.001974
0.002770
0.010136
0.004899
0.007478
0.008859
0.036657
0.015972
0.060835
0.072318
0.313986
0.888861
0.056684
0.901252
0.308397
0.000153
0.000004
0.000040
0.000027
0.000039
0.000037
0.000028
0.000216
0.000113
0.000086
0.000042
0.000619
0.000067
0.002994
0.001963
0.000067
0.003972
0.012341
0.000131
0.008993
0.000109
0.001564
0.006751
0.076028
0.000708
0.000849
0.056692
0.004948
0.025017
0.383289
0.000172
