0.000002
0.000002
0.000001
0.000001
0.000001
0.000001
0.000002
0.000001
0.000001
0.000001
0.000001
0.000002
0.000002
0.000003
0.000001
0.000001
0.000001
0.000002
0.000002
0.000004
0.000002
0.000001
0.000002
0.000002
0.000003
0.000004
0.000006
0.000003
0.000001
0.000002
0.000003
0.000003
0.000004
0.000004
0.000024
0.000004
0.000002
0.000002
0.000002
0.000006
0.000008
0.000004
0.000015
0.000046
0.000006
0.000002
0.000002
0.000004
0.000004
0.000003
0.000006
0.000017
0.000014
0.000036
0.000007
0.000001
0.000003
0.000004
0.000006
0.000008
0.000015
0.000019
0.000028
0.000073
0.000056
0.000009
0.000002
0.000003
0.000003
0.000004
0.000010
0.000005
0.000021
0.000008
0.000013
0.000028
0.000157
0.000013
0.000002
0.000004
0.000006
0.000010
0.000011
0.000018
0.000023
0.000035
0.000091
0.000130
0.000260
0.000258
0.000017
0.000002
0.000004
0.000006
0.000006
0.000017
0.000012
0.000007
0.000021
0.000111
0.000036
0.000178
0.000056
0.000345
0.000021
0.000002
0.000006
0.000006
0.000013
0.000007
0.000010
0.000078
0.000146
0.000019
0.000016
0.000193
0.000059
0.000803
0.000529
0.000025
0.000002
0.000005
0.000010
0.000007
0.000019
0.000015
0.000045
0.000011
0.000109
0.000041
0.000207
0.000033
0.000840
0.000546
0.000719
0.000030
0.000002
0.000007
0.000010
0.000019
0.000020
0.000036
0.000048
0.000161
0.000229
0.000174
0.000220
0.000342
0.000906
0.000563
0.001916
0.004972
0.000035
0.000002
0.000005
0.000007
0.000011
0.000021
0.000011
0.000049
0.000045
0.000016
0.000085
0.000221
0.000026
0.000407
0.000234
0.000115
0.001056
0.003595
0.000039
0.000003
0.000009
0.000013
0.000019
0.000033
0.000037
0.000050
0.000085
0.000114
0.000178
0.000228
0.000381
0.000434
0.000643
0.000823
0.005235
0.014525
0.003964
0.000047
0.000003
0.000008
0.000014
0.000010
0.000011
0.000025
0.000053
0.000021
0.000248
0.000022
0.000505
0.000042
0.000453
0.000259
0.000059
0.000153
0.003105
0.000682
0.017582
0.000055
0.000002
0.000013
0.000010
0.000032
0.000037
0.000019
0.000015
0.000094
0.000039
0.000189
0.000239
0.000080
0.000465
0.000040
0.000130
0.003191
0.009426
0.000231
0.004918
0.009963
0.000062
0.000003
0.000010
0.000021
0.000016
0.000038
0.000027
0.000190
0.000055
0.000265
0.000097
0.000028
0.000176
0.001157
0.000313
0.002426
0.000442
0.003940
0.002080
0.006986
0.001104
0.012993
0.000071
0.000003
0.000018
0.000021
0.000034
0.000038
0.000076
0.000100
0.000410
0.000275
0.000444
0.000549
0.000996
0.001153
0.001853
0.002530
0.003430
0.004113
0.006073
0.018673
0.010459
0.013325
0.018192
0.000081
0.000003
0.000014
0.000013
0.000014
0.000063
0.000017
0.000101
0.000023
0.000045
0.000101
0.000694
0.000037
0.001408
0.000308
0.000151
0.000058
0.004409
0.000101
0.019794
0.000365
0.004625
0.006133
0.023111
0.000092
0.000003
0.000027
0.000034
0.000059
0.000017
0.000079
0.000104
0.000429
0.000281
0.000039
0.000546
0.001056
0.001185
0.001854
0.000079
0.003706
0.011448
0.006760
0.007677
0.000349
0.013576
0.018537
0.267869
0.032878
0.000102
0.000004
0.000019
0.000034
0.000024
0.000065
0.000047
0.000106
0.000104
0.000656
0.000113
0.000576
0.000194
0.000046
0.000319
0.002662
0.000534
0.011647
0.002463
0.008076
0.003790
0.013907
0.014991
0.023273
0.009999
0.042561
0.000121
0.000004
0.000043
0.000018
0.000064
0.000070
0.000033
0.000114
0.000218
0.000033
0.000513
0.000609
0.000205
0.001233
0.001991
0.000433
0.003968
0.005032
0.000135
0.012344
0.018178
0.002191
0.021910
0.139264
0.010301
0.747674
0.059182
0.000135
0.000004
0.000030
0.000060
0.000021
0.000077
0.000053
0.000028
0.000044
0.000309
0.000241
0.000625
0.000105
0.003056
0.000060
0.002874
0.000217
0.005096
0.002756
0.009577
0.000481
0.000230
0.007005
0.075645
0.000753
0.374317
0.016035
0.191138
0.000142
0.000004
0.000063
0.000057
0.000110
0.000118
0.000162
0.000447
0.000213
0.000659
0.000522
0.000627
0.001136
0.003000
0.001994
0.002755
0.010166
0.004797
0.007431
0.008868
0.036331
0.015956
0.060682
0.072438
0.314821
0.889369
0.056247
0.900897
0.308283
0.000157
0.000004
0.000042
0.000025
0.000039
0.000024
0.000027
0.000215
0.000113
0.000085
0.000041
0.000604
0.000066
0.003013
0.002000
0.000069
0.003971
0.012281
0.000131
0.009049
0.000107
0.001578
0.006792
0.075575
0.000691
0.000810
0.056578
0.004806
0.024937
0.382539
0.000173
