0.000003
0.000003
0.000002
0.000002
0.000003
0.000003
0.000003
0.000003
0.000004
0.000003
0.000002
0.000004
0.000006
0.000008
0.000005
0.000003
0.000003
0.000004
0.000006
0.000012
0.000007
0.000003
0.000008
0.000011
0.000012
0.000018
0.000020
0.000010
0.000004
0.000004
0.000012
0.000006
0.000023
0.000013
0.000078
0.000014
0.000004
0.000011
0.000007
0.000032
0.000041
0.000016
0.000055
0.000115
0.000019
0.000005
0.000007
0.000030
0.000013
0.000011
0.000022
0.000075
0.000045
0.000083
0.000025
0.000005
0.000020
0.000032
0.000048
0.000063
0.000071
0.000087
0.000093
0.000230
0.000139
0.000034
0.000006
0.000012
0.000013
0.000012
0.000091
0.000018
0.000123
0.000029
0.000047
0.000084
0.000379
0.000043
0.000007
0.000035
0.000076
0.000127
0.000104
0.000133
0.000141
0.000153
0.000412
0.000425
0.000278
0.000474
0.000052
0.000007
0.000021
0.000077
0.000032
0.000220
0.000061
0.000027
0.000092
0.000495
0.000127
0.000596
0.000144
0.000619
0.000065
0.000021
0.000063
0.000023
0.000166
0.000023
0.000046
0.001021
0.001137
0.000062
0.000056
0.000748
0.000148
0.001826
0.000827
0.000078
0.000008
0.000038
0.000177
0.000019
0.000292
0.000078
0.000542
0.000039
0.000764
0.000171
0.000898
0.000074
0.002256
0.001067
0.001124
0.000093
0.000022
0.000112
0.000187
0.000422
0.000375
0.000479
0.000662
0.001723
0.001977
0.000981
0.001085
0.001163
0.002650
0.001193
0.002793
0.003170
0.000113
0.000010
0.000071
0.000047
0.000086
0.000386
0.000034
0.000709
0.000316
0.000053
0.000461
0.001284
0.000090
0.001483
0.000603
0.000313
0.001739
0.003989
0.000145
0.000011
0.000213
0.000423
0.000507
0.000987
0.000658
0.000873
0.001003
0.001222
0.001422
0.001496
0.001622
0.001808
0.001865
0.001975
0.002795
0.012709
0.002228
0.000156
0.000011
0.000132
0.000449
0.000038
0.000041
0.000243
0.000907
0.000063
0.003325
0.000071
0.004040
0.000115
0.002113
0.000748
0.000181
0.000417
0.002867
0.000867
0.017156
0.000176
0.000012
0.000382
0.000101
0.001348
0.001152
0.000122
0.000053
0.001319
0.000263
0.001965
0.002142
0.000323
0.002484
0.000142
0.000478
0.006389
0.017518
0.000563
0.003469
0.007251
0.000203
0.000013
0.000239
0.001017
0.000246
0.001349
0.000309
0.007583
0.000470
0.004641
0.000708
0.000091
0.000818
0.006886
0.001052
0.007370
0.001048
0.008236
0.003743
0.008639
0.001302
0.009280
0.000233
0.000013
0.000734
0.001105
0.001572
0.001388
0.002267
0.003388
0.011072
0.005196
0.005949
0.006728
0.007084
0.007851
0.008413
0.008918
0.008990
0.009365
0.009890
0.026920
0.009903
0.010585
0.010611
0.000265
0.000015
0.000445
0.000228
0.000096
0.003796
0.000058
0.003797
0.000072
0.000258
0.000814
0.003316
0.000120
0.003944
0.001196
0.000597
0.000178
0.011426
0.000254
0.034125
0.000718
0.005553
0.005567
0.013939
0.000307
0.000016
0.001368
0.002449
0.004125
0.000122
0.002809
0.003963
0.014668
0.006806
0.000160
0.008797
0.009844
0.010652
0.011461
0.000252
0.012210
0.037379
0.013458
0.015077
0.000788
0.014537
0.015137
0.020438
0.015222
0.000346
0.000017
0.000833
0.002603
0.000702
0.004194
0.000955
0.004543
0.001945
0.021019
0.001081
0.010282
0.001297
0.000151
0.001637
0.013839
0.001632
0.045816
0.006797
0.016648
0.007064
0.017267
0.003544
0.018711
0.007745
0.019002
0.000379
0.000018
0.002595
0.000551
0.004513
0.004580
0.000347
0.004769
0.006609
0.000108
0.010236
0.011621
0.001402
0.013846
0.014857
0.001678
0.016978
0.017717
0.000299
0.018911
0.018924
0.002352
0.020304
0.026870
0.008511
0.209048
0.022203
0.000425
0.000018
0.001543
0.005944
0.000273
0.004712
0.001074
0.000107
0.000229
0.009464
0.004102
0.012835
0.000550
0.049235
0.000188
0.018284
0.000826
0.020183
0.008992
0.021911
0.001107
0.000453
0.010007
0.076865
0.001293
0.217600
0.010535
0.028987
0.000472
0.000019
0.004814
0.006072
0.011989
0.012880
0.009468
0.043519
0.007829
0.029636
0.012507
0.014665
0.016191
0.057241
0.019924
0.021309
0.068594
0.023599
0.024096
0.025262
0.080897
0.026932
0.085050
0.087321
0.231905
0.271916
0.028953
0.078535
0.093319
0.000526
0.000022
0.002912
0.001295
0.001979
0.000265
0.000140
0.016906
0.002501
0.001189
0.000141
0.016652
0.000236
0.064714
0.022492
0.000228
0.025621
0.085074
0.000441
0.028601
0.000365
0.003357
0.013025
0.106849
0.001437
0.001760
0.035108
0.003475
0.014625
0.126992
0.000600
