0.000003
0.000003
0.000002
0.000002
0.000003
0.000003
0.000003
0.000003
0.000005
0.000004
0.000003
0.000005
0.000006
0.000008
0.000006
0.000003
0.000004
0.000004
0.000006
0.000012
0.000007
0.000004
0.000008
0.000012
0.000013
0.000019
0.000021
0.000010
0.000004
0.000005
0.000013
0.000007
0.000024
0.000014
0.000080
0.000014
0.000004
0.000012
0.000007
0.000033
0.000041
0.000016
0.000057
0.000119
0.000020
0.000005
0.000007
0.000031
0.000013
0.000011
0.000023
0.000077
0.000059
0.000083
0.000025
0.000005
0.000019
0.000031
0.000049
0.000064
0.000072
0.000087
0.000094
0.000230
0.000127
0.000033
0.000006
0.000012
0.000012
0.000012
0.000089
0.000018
0.000120
0.000027
0.000045
0.000081
0.000365
0.000042
0.000007
0.000035
0.000073
0.000140
0.000105
0.000133
0.000141
0.000153
0.000426
0.000414
0.000271
0.000476
0.000054
0.000008
0.000021
0.000079
0.000033
0.000227
0.000062
0.000027
0.000093
0.000483
0.000127
0.000586
0.000148
0.000635
0.000067
0.000007
0.000063
0.000036
0.000162
0.000021
0.000045
0.001012
0.001125
0.000064
0.000057
0.000767
0.000153
0.001817
0.000824
0.000079
0.000009
0.000038
0.000176
0.000019
0.000292
0.000079
0.000539
0.000038
0.000774
0.000175
0.000921
0.000076
0.002255
0.001049
0.001134
0.000094
0.000008
0.000112
0.000188
0.000422
0.000375
0.000476
0.000664
0.001728
0.001944
0.000998
0.001049
0.001153
0.002683
0.001180
0.002811
0.003146
0.000113
0.000010
0.000071
0.000046
0.000086
0.000387
0.000034
0.000709
0.000316
0.000053
0.000482
0.001289
0.000091
0.001500
0.000621
0.000322
0.001753
0.003982
0.000146
0.000010
0.000203
0.000411
0.000515
0.000987
0.000657
0.000877
0.001029
0.001253
0.001399
0.001508
0.001633
0.001802
0.001864
0.001977
0.002818
0.012647
0.002236
0.000168
0.000011
0.000128
0.000440
0.000038
0.000041
0.000238
0.000884
0.000079
0.003384
0.000071
0.004077
0.000117
0.002119
0.000729
0.000180
0.000403
0.002855
0.000870
0.017371
0.000177
0.000012
0.000382
0.000100
0.001354
0.001178
0.000126
0.000054
0.001311
0.000256
0.002002
0.002148
0.000324
0.002437
0.000142
0.000480
0.006464
0.017501
0.000550
0.003540
0.007264
0.000203
0.000013
0.000238
0.001039
0.000247
0.001355
0.000292
0.007534
0.000471
0.004629
0.000727
0.000093
0.000801
0.006737
0.001005
0.007287
0.001024
0.008157
0.003712
0.008587
0.001301
0.009317
0.000232
0.000013
0.000728
0.001075
0.001566
0.001386
0.002319
0.003421
0.011149
0.005153
0.006124
0.006783
0.007046
0.007837
0.008248
0.008683
0.008839
0.009364
0.009992
0.027313
0.009978
0.010496
0.010495
0.000265
0.000015
0.000442
0.000229
0.000097
0.003788
0.000059
0.003783
0.000072
0.000259
0.000816
0.003370
0.000120
0.003878
0.001199
0.000596
0.000179
0.011255
0.000253
0.034406
0.000743
0.005450
0.005551
0.013867
0.000300
0.000016
0.001340
0.002478
0.004078
0.000097
0.002694
0.004044
0.014622
0.006886
0.000160
0.008835
0.009659
0.010809
0.011381
0.000238
0.012253
0.037581
0.013400
0.014240
0.000830
0.014574
0.015186
0.020507
0.015126
0.000347
0.000017
0.000833
0.002630
0.000704
0.004146
0.000944
0.004553
0.001960
0.021159
0.001092
0.010454
0.001263
0.000155
0.001632
0.014004
0.001654
0.046324
0.006805
0.016538
0.007160
0.017271
0.003545
0.018544
0.007768
0.018968
0.000380
0.000018
0.002606
0.000572
0.004496
0.004516
0.000347
0.004723
0.006534
0.000108
0.010255
0.011971
0.001437
0.014226
0.014956
0.001693
0.016941
0.017819
0.000299
0.018822
0.018946
0.002351
0.020546
0.026886
0.008590
0.208960
0.022527
0.000425
0.000019
0.001574
0.005867
0.000270
0.004657
0.001074
0.000107
0.000229
0.009285
0.004146
0.012741
0.000526
0.049227
0.000193
0.018690
0.000849
0.020232
0.008835
0.021895
0.001111
0.000464
0.009917
0.077249
0.001280
0.218815
0.010511
0.029274
0.000493
0.000019
0.004788
0.006147
0.012045
0.013073
0.009442
0.043932
0.007867
0.029432
0.012514
0.014364
0.016367
0.056557
0.019902
0.021132
0.068463
0.023279
0.024171
0.024855
0.080381
0.026524
0.085154
0.086433
0.233484
0.270515
0.028750
0.077989
0.093014
0.000524
0.000021
0.002819
0.001333
0.001984
0.000258
0.000136
0.016924
0.002502
0.001178
0.000134
0.016156
0.000227
0.064723
0.022134
0.000223
0.025547
0.085537
0.000424
0.028526
0.000347
0.003432
0.013285
0.105399
0.001435
0.001793
0.034953
0.003491
0.014407
0.127200
0.000599
