0.000005
0.000003
0.000018
0.000002
0.000003
0.000003
0.000002
0.000003
0.000005
0.000003
0.000003
0.000004
0.000005
0.000007
0.000005
0.000003
0.000003
0.000004
0.000005
0.000011
0.000007
0.000003
0.000007
0.000010
0.000011
0.000017
0.000019
0.000010
0.000004
0.000004
0.000012
0.000006
0.000022
0.000012
0.000073
0.000015
0.000004
0.000011
0.000006
0.000029
0.000037
0.000015
0.000051
0.000107
0.000018
0.000004
0.000007
0.000027
0.000012
0.000011
0.000021
0.000070
0.000043
0.000078
0.000024
0.000005
0.000019
0.000029
0.000044
0.000060
0.000067
0.000081
0.000088
0.000214
0.000119
0.000030
0.000005
0.000011
0.000011
0.000011
0.000082
0.000017
0.000112
0.000026
0.000043
0.000076
0.000340
0.000039
0.000006
0.000031
0.000067
0.000116
0.000095
0.000121
0.000128
0.000177
0.000373
0.000385
0.000250
0.000427
0.000049
0.000007
0.000019
0.000072
0.000030
0.000204
0.000056
0.000025
0.000085
0.000437
0.000115
0.000532
0.000134
0.000622
0.000060
0.000007
0.000056
0.000021
0.000152
0.000020
0.000042
0.000919
0.001017
0.000058
0.000052
0.000729
0.000137
0.001648
0.000769
0.000074
0.000008
0.000036
0.000163
0.000017
0.000308
0.000073
0.000502
0.000036
0.000703
0.000158
0.000879
0.000069
0.002085
0.000965
0.001091
0.000089
0.000009
0.000103
0.000173
0.000390
0.000335
0.000433
0.000628
0.001622
0.001939
0.000966
0.001021
0.001108
0.002592
0.001192
0.002833
0.003222
0.000115
0.000010
0.000071
0.000046
0.000085
0.000386
0.000035
0.000741
0.000325
0.000054
0.000474
0.001290
0.000094
0.001505
0.000621
0.000320
0.001748
0.004090
0.000135
0.000011
0.000210
0.000422
0.000506
0.000995
0.000657
0.000877
0.001029
0.001253
0.001401
0.001538
0.001664
0.001855
0.001947
0.002004
0.002919
0.013299
0.002320
0.000160
0.000012
0.000135
0.000480
0.000041
0.000044
0.000247
0.000959
0.000068
0.003557
0.000077
0.004317
0.000127
0.002253
0.000776
0.000209
0.000443
0.002995
0.000913
0.018229
0.000186
0.000012
0.000403
0.000106
0.001377
0.001183
0.000141
0.000058
0.001397
0.000269
0.002051
0.002199
0.000332
0.002497
0.000146
0.000490
0.006926
0.018180
0.000580
0.003662
0.007638
0.000216
0.000014
0.000252
0.001043
0.000246
0.001407
0.000326
0.007895
0.000484
0.004836
0.000768
0.000100
0.000844
0.006944
0.001054
0.007675
0.001146
0.008671
0.003873
0.008983
0.001333
0.009725
0.000256
0.000015
0.000749
0.001126
0.001588
0.001444
0.002437
0.003613
0.011761
0.005326
0.006330
0.007067
0.007298
0.008194
0.008597
0.009068
0.009274
0.009875
0.010464
0.028397
0.010137
0.010651
0.010559
0.000271
0.000015
0.000455
0.000240
0.000099
0.003840
0.000060
0.003788
0.000071
0.000253
0.000799
0.003377
0.000120
0.003889
0.001191
0.000626
0.000187
0.011394
0.000253
0.034316
0.000755
0.005393
0.005481
0.013854
0.000300
0.000015
0.001417
0.002452
0.004074
0.000092
0.002767
0.004081
0.014465
0.006854
0.000159
0.009626
0.015557
0.013781
0.013302
0.000254
0.013067
0.041370
0.014480
0.015320
0.000842
0.015645
0.016785
0.022453
0.016307
0.000365
0.000017
0.000857
0.002637
0.000716
0.004301
0.001007
0.004910
0.002034
0.021875
0.001086
0.010696
0.001320
0.000157
0.001646
0.014351
0.001647
0.045952
0.006851
0.016704
0.007160
0.017363
0.003526
0.018781
0.007695
0.019048
0.000379
0.000018
0.002540
0.000549
0.004517
0.004557
0.000348
0.004710
0.006424
0.000108
0.010282
0.011385
0.001368
0.013893
0.014656
0.001671
0.016582
0.017788
0.000298
0.018739
0.018696
0.002355
0.021686
0.029356
0.009041
0.219889
0.023501
0.000454
0.000020
0.001577
0.006194
0.000316
0.004859
0.001142
0.000116
0.000241
0.009860
0.004333
0.013636
0.000532
0.051669
0.000196
0.019254
0.000890
0.021242
0.009351
0.024514
0.001147
0.000502
0.010356
0.081121
0.001338
0.247292
0.010710
0.029706
0.000494
0.000020
0.004807
0.006086
0.012121
0.012982
0.009448
0.043632
0.007770
0.029481
0.012593
0.014280
0.016302
0.056314
0.019824
0.021115
0.068663
0.023074
0.024241
0.024958
0.079781
0.026352
0.083865
0.087303
0.228810
0.268584
0.028665
0.078184
0.092934
0.000523
0.000021
0.002867
0.001296
0.001957
0.000258
0.000136
0.016685
0.002501
0.001177
0.000134
0.016134
0.000226
0.064373
0.022113
0.000228
0.025999
0.086099
0.000424
0.028143
0.000354
0.003340
0.013213
0.103908
0.001459
0.001794
0.035131
0.003491
0.014480
0.124782
0.000581
