0.000003
0.000002
0.000002
0.000002
0.000003
0.000003
0.000002
0.000002
0.000004
0.000004
0.000003
0.000004
0.000005
0.000008
0.000005
0.000003
0.000004
0.000004
0.000006
0.000011
0.000007
0.000004
0.000007
0.000011
0.000013
0.000019
0.000020
0.000010
0.000004
0.000004
0.000012
0.000006
0.000023
0.000013
0.000078
0.000014
0.000005
0.000012
0.000007
0.000032
0.000040
0.000016
0.000054
0.000116
0.000019
0.000004
0.000007
0.000030
0.000012
0.000011
0.000022
0.000075
0.000046
0.000084
0.000025
0.000005
0.000020
0.000032
0.000048
0.000064
0.000072
0.000088
0.000095
0.000232
0.000127
0.000033
0.000006
0.000012
0.000012
0.000012
0.000089
0.000018
0.000120
0.000028
0.000045
0.000081
0.000364
0.000042
0.000007
0.000034
0.000087
0.000126
0.000104
0.000133
0.000142
0.000153
0.000412
0.000425
0.000277
0.000470
0.000055
0.000008
0.000022
0.000079
0.000032
0.000226
0.000062
0.000027
0.000094
0.000489
0.000123
0.000587
0.000148
0.000636
0.000066
0.000008
0.000075
0.000022
0.000162
0.000021
0.000046
0.001013
0.001125
0.000061
0.000056
0.000747
0.000147
0.001825
0.000828
0.000079
0.000008
0.000038
0.000176
0.000018
0.000292
0.000078
0.000540
0.000039
0.000777
0.000174
0.000924
0.000076
0.002270
0.001044
0.001134
0.000095
0.000009
0.000112
0.000188
0.000421
0.000375
0.000477
0.000667
0.001723
0.001996
0.000992
0.001061
0.001163
0.002656
0.001211
0.002830
0.003173
0.000111
0.000010
0.000069
0.000045
0.000084
0.000378
0.000034
0.000736
0.000323
0.000054
0.000472
0.001290
0.000090
0.001500
0.000622
0.000327
0.001716
0.004056
0.000134
0.000011
0.000210
0.000422
0.000508
0.000999
0.000657
0.000877
0.001026
0.001254
0.001397
0.001514
0.001653
0.001849
0.001896
0.001984
0.002842
0.012794
0.002220
0.000155
0.000012
0.000132
0.000451
0.000039
0.000042
0.000241
0.000937
0.000066
0.003335
0.000073
0.004039
0.000114
0.002152
0.000729
0.000181
0.000403
0.002860
0.000870
0.017673
0.000180
0.000012
0.000382
0.000103
0.001377
0.001183
0.000126
0.000055
0.001337
0.000270
0.002033
0.002179
0.000324
0.002517
0.000146
0.000506
0.006421
0.017632
0.000550
0.003493
0.007280
0.000203
0.000013
0.000239
0.000994
0.000264
0.001361
0.000300
0.007715
0.000496
0.004656
0.000710
0.000092
0.000815
0.006688
0.001023
0.007257
0.001060
0.008200
0.003703
0.008680
0.001264
0.009343
0.000232
0.000014
0.000746
0.001074
0.001586
0.001401
0.002286
0.003393
0.011051
0.005198
0.006058
0.006696
0.007073
0.007849
0.008260
0.008766
0.008948
0.009461
0.009929
0.027340
0.009909
0.010729
0.010438
0.000265
0.000014
0.000473
0.000241
0.000101
0.003741
0.000057
0.003844
0.000073
0.000259
0.000817
0.003370
0.000121
0.003929
0.001198
0.000596
0.000179
0.011472
0.000254
0.034406
0.000718
0.005410
0.005508
0.013851
0.000300
0.000015
0.001354
0.002488
0.004074
0.000093
0.002814
0.004032
0.014683
0.006862
0.000160
0.008807
0.009859
0.010957
0.011470
0.000239
0.012215
0.038037
0.013807
0.014647
0.000776
0.014859
0.015055
0.020520
0.015438
0.000347
0.000018
0.000833
0.002632
0.000669
0.004204
0.000945
0.004541
0.001947
0.021127
0.001056
0.010261
0.001266
0.000156
0.001655
0.013983
0.001654
0.045104
0.006763
0.016454
0.007119
0.017284
0.003530
0.018560
0.007786
0.018953
0.000379
0.000018
0.002533
0.000550
0.004534
0.004568
0.000347
0.004701
0.006546
0.000108
0.012010
0.011663
0.001368
0.013989
0.015062
0.001699
0.016897
0.017851
0.000299
0.018764
0.019000
0.002353
0.020521
0.027277
0.008761
0.208211
0.022496
0.000424
0.000019
0.001539
0.005864
0.000273
0.004660
0.001049
0.000104
0.000223
0.009338
0.004112
0.012863
0.000525
0.048881
0.000200
0.018278
0.000838
0.020140
0.008844
0.022147
0.001112
0.000463
0.009952
0.076582
0.001296
0.216214
0.010473
0.029307
0.000474
0.000020
0.004735
0.006125
0.011934
0.013112
0.009466
0.045481
0.007681
0.029341
0.012669
0.014370
0.016216
0.056252
0.020028
0.021486
0.068974
0.023254
0.023999
0.025068
0.080154
0.026681
0.084567
0.086217
0.231044
0.271159
0.028920
0.078728
0.092932
0.000545
0.000020
0.002842
0.001320
0.001985
0.000258
0.000136
0.016825
0.002495
0.001186
0.000143
0.016200
0.000227
0.064716
0.022103
0.000223
0.025393
0.086069
0.000423
0.028797
0.000413
0.003389
0.013121
0.105665
0.001485
0.001794
0.035064
0.003524
0.014726
0.126070
0.000631
