0.000003
0.000002
0.000003
0.000002
0.000003
0.000003
0.000002
0.000002
0.000004
0.000003
0.000002
0.000004
0.000005
0.000007
0.000005
0.000003
0.000004
0.000004
0.000006
0.000012
0.000007
0.000004
0.000007
0.000012
0.000012
0.000018
0.000020
0.000010
0.000004
0.000005
0.000013
0.000007
0.000024
0.000014
0.000078
0.000014
0.000004
0.000011
0.000007
0.000032
0.000041
0.000016
0.000054
0.000115
0.000019
0.000005
0.000007
0.000030
0.000013
0.000011
0.000023
0.000076
0.000046
0.000084
0.000025
0.000005
0.000020
0.000032
0.000048
0.000065
0.000072
0.000087
0.000094
0.000230
0.000139
0.000034
0.000005
0.000012
0.000012
0.000012
0.000091
0.000018
0.000124
0.000028
0.000047
0.000084
0.000374
0.000043
0.000007
0.000034
0.000088
0.000123
0.000101
0.000130
0.000138
0.000149
0.000401
0.000415
0.000270
0.000477
0.000053
0.000007
0.000021
0.000079
0.000032
0.000226
0.000062
0.000027
0.000094
0.000485
0.000127
0.000585
0.000148
0.000639
0.000067
0.000008
0.000074
0.000023
0.000163
0.000021
0.000045
0.001013
0.001125
0.000063
0.000055
0.000748
0.000148
0.001824
0.000827
0.000078
0.000009
0.000039
0.000175
0.000018
0.000292
0.000079
0.000565
0.000039
0.000784
0.000171
0.000921
0.000076
0.002261
0.001046
0.001136
0.000095
0.000009
0.000112
0.000187
0.000421
0.000373
0.000476
0.000665
0.001740
0.002050
0.001002
0.001048
0.001134
0.002601
0.001206
0.002897
0.003169
0.000111
0.000010
0.000069
0.000045
0.000083
0.000377
0.000036
0.000720
0.000316
0.000054
0.000461
0.001287
0.000091
0.001499
0.000618
0.000321
0.001766
0.003948
0.000135
0.000011
0.000210
0.000422
0.000509
0.000990
0.000670
0.000857
0.001047
0.001237
0.001363
0.001538
0.001666
0.001818
0.001924
0.002030
0.002801
0.012674
0.002246
0.000156
0.000012
0.000132
0.000450
0.000039
0.000042
0.000242
0.000924
0.000063
0.003367
0.000071
0.004009
0.000116
0.002140
0.000729
0.000180
0.000402
0.002873
0.000868
0.017099
0.000177
0.000012
0.000382
0.000101
0.001389
0.001184
0.000126
0.000055
0.001309
0.000256
0.001972
0.002202
0.000335
0.002513
0.000146
0.000481
0.006612
0.017682
0.000562
0.003471
0.007277
0.000208
0.000013
0.000246
0.001025
0.000240
0.001349
0.000312
0.007622
0.000480
0.004638
0.000727
0.000094
0.000800
0.006673
0.001011
0.007343
0.001087
0.008161
0.003705
0.008708
0.001296
0.009237
0.000232
0.000013
0.000714
0.001105
0.001575
0.001393
0.002281
0.003396
0.011083
0.005176
0.006176
0.006648
0.007054
0.007887
0.008342
0.008784
0.008819
0.009423
0.009940
0.027095
0.009935
0.010613
0.010517
0.000272
0.000014
0.000453
0.000235
0.000101
0.003752
0.000059
0.003804
0.000070
0.000253
0.000815
0.003384
0.000117
0.003891
0.001176
0.000621
0.000188
0.011304
0.000254
0.033960
0.000718
0.005427
0.005576
0.013858
0.000301
0.000015
0.001381
0.002498
0.004092
0.000095
0.002777
0.004038
0.014582
0.006882
0.000161
0.008807
0.009598
0.010647
0.011513
0.000244
0.012284
0.037592
0.013455
0.014666
0.000816
0.014732
0.015129
0.020270
0.015150
0.000363
0.000018
0.000864
0.002567
0.000687
0.004191
0.000923
0.004619
0.001941
0.021082
0.001081
0.010433
0.001240
0.000165
0.001645
0.013844
0.001629
0.045253
0.006827
0.016436
0.007086
0.017325
0.003565
0.018663
0.007794
0.018931
0.000380
0.000018
0.002568
0.000549
0.004529
0.004550
0.000368
0.004755
0.006556
0.000108
0.010167
0.011509
0.001366
0.014065
0.014840
0.001692
0.016937
0.017907
0.000308
0.018959
0.018949
0.002396
0.020616
0.026843
0.008519
0.209325
0.022332
0.000415
0.000018
0.001570
0.006004
0.000278
0.004629
0.001083
0.000125
0.000232
0.009283
0.004099
0.012709
0.000520
0.048885
0.000183
0.018193
0.000859
0.020118
0.009061
0.021828
0.001142
0.000486
0.009973
0.076359
0.001298
0.216304
0.010487
0.029110
0.000506
0.000021
0.004795
0.006137
0.012072
0.012910
0.009543
0.043509
0.007798
0.029189
0.012484
0.014437
0.016436
0.056222
0.019869
0.021323
0.068713
0.023654
0.024174
0.025200
0.080349
0.026709
0.084866
0.086582
0.230784
0.270906
0.028859
0.078862
0.093500
0.000524
0.000022
0.002885
0.001296
0.001956
0.000259
0.000137
0.016850
0.002480
0.001188
0.000142
0.016157
0.000233
0.064732
0.022454
0.000222
0.025622
0.087097
0.000436
0.028636
0.000385
0.003421
0.013185
0.105950
0.001486
0.001798
0.035002
0.003530
0.014479
0.126213
0.000596
