0.000003
0.000003
0.000002
0.000002
0.000003
0.000002
0.000002
0.000003
0.000005
0.000003
0.000002
0.000004
0.000005
0.000007
0.000005
0.000003
0.000003
0.000004
0.000005
0.000011
0.000007
0.000003
0.000007
0.000011
0.000013
0.000018
0.000020
0.000010
0.000003
0.000004
0.000013
0.000007
0.000023
0.000013
0.000077
0.000014
0.000004
0.000012
0.000007
0.000032
0.000040
0.000024
0.000053
0.000112
0.000019
0.000004
0.000007
0.000028
0.000012
0.000011
0.000022
0.000073
0.000045
0.000082
0.000025
0.000005
0.000020
0.000030
0.000047
0.000062
0.000070
0.000086
0.000092
0.000241
0.000126
0.000033
0.000006
0.000012
0.000012
0.000012
0.000088
0.000018
0.000120
0.000028
0.000045
0.000081
0.000366
0.000042
0.000007
0.000034
0.000074
0.000124
0.000102
0.000130
0.000137
0.000149
0.000401
0.000414
0.000287
0.000472
0.000054
0.000008
0.000022
0.000080
0.000033
0.000226
0.000063
0.000028
0.000094
0.000485
0.000126
0.000586
0.000148
0.000643
0.000064
0.000007
0.000061
0.000022
0.000164
0.000022
0.000045
0.001022
0.001118
0.000063
0.000055
0.000746
0.000149
0.001802
0.000848
0.000078
0.000008
0.000037
0.000176
0.000019
0.000292
0.000079
0.000540
0.000039
0.000758
0.000170
0.000926
0.000076
0.002223
0.001030
0.001160
0.000098
0.000010
0.000115
0.000192
0.000446
0.000360
0.000464
0.000646
0.001737
0.001941
0.000999
0.001067
0.001162
0.002636
0.001200
0.002791
0.003156
0.000110
0.000010
0.000070
0.000044
0.000083
0.000381
0.000056
0.000709
0.000330
0.000054
0.000472
0.001288
0.000103
0.001463
0.000604
0.000313
0.001747
0.004037
0.000131
0.000011
0.000204
0.000413
0.000528
0.000969
0.000658
0.000878
0.001027
0.001254
0.001401
0.001513
0.001621
0.001805
0.001864
0.001976
0.002793
0.012572
0.002243
0.000155
0.000011
0.000131
0.000448
0.000039
0.000042
0.000241
0.000907
0.000064
0.003368
0.000071
0.004041
0.000115
0.002126
0.000748
0.000179
0.000402
0.002864
0.000865
0.017125
0.000176
0.000012
0.000383
0.000102
0.001355
0.001176
0.000126
0.000054
0.001313
0.000256
0.002002
0.002141
0.000323
0.002439
0.000142
0.000477
0.006482
0.017429
0.000568
0.003514
0.007437
0.000203
0.000013
0.000239
0.001027
0.000240
0.001348
0.000300
0.007627
0.000471
0.004632
0.000727
0.000095
0.000823
0.006673
0.001055
0.007353
0.001039
0.008187
0.003753
0.008679
0.001280
0.009299
0.000233
0.000013
0.000715
0.001085
0.001582
0.001365
0.002265
0.003438
0.011350
0.005064
0.006061
0.006818
0.007084
0.007751
0.008228
0.008686
0.008877
0.009511
0.010086
0.026918
0.009920
0.010391
0.010602
0.000264
0.000014
0.000442
0.000228
0.000097
0.003760
0.000060
0.003782
0.000071
0.000253
0.000795
0.003423
0.000147
0.003991
0.001203
0.000610
0.000183
0.011388
0.000253
0.033608
0.000717
0.005398
0.005454
0.013862
0.000299
0.000016
0.001386
0.002468
0.004100
0.000095
0.002752
0.004031
0.014483
0.006836
0.000159
0.008819
0.009720
0.010482
0.011505
0.000245
0.012277
0.037228
0.013200
0.014129
0.000773
0.014483
0.016908
0.020182
0.015004
0.000339
0.000016
0.000828
0.002569
0.000690
0.004092
0.000943
0.004592
0.001971
0.021016
0.001057
0.010282
0.001286
0.000155
0.001645
0.013956
0.001619
0.045507
0.007028
0.017248
0.007138
0.017442
0.003538
0.018714
0.007820
0.018903
0.000379
0.000017
0.002579
0.000549
0.004526
0.004541
0.000348
0.004699
0.006575
0.000108
0.010247
0.011615
0.001384
0.013951
0.014793
0.001683
0.016681
0.017734
0.000300
0.018932
0.019018
0.002392
0.020431
0.026607
0.008381
0.208454
0.022192
0.000446
0.000020
0.001577
0.005813
0.000271
0.004629
0.001065
0.000110
0.000235
0.009401
0.004071
0.012756
0.000512
0.048981
0.000183
0.018104
0.000825
0.020107
0.008724
0.021791
0.001115
0.000476
0.009801
0.076412
0.001270
0.215970
0.010765
0.029615
0.000489
0.000020
0.004744
0.006095
0.011912
0.012855
0.009434
0.043331
0.007742
0.029180
0.012402
0.014269
0.016281
0.056036
0.019957
0.020952
0.068146
0.023244
0.024074
0.025155
0.080939
0.026427
0.084670
0.086039
0.231902
0.271217
0.028679
0.078131
0.092771
0.000539
0.000022
0.002886
0.001279
0.001990
0.000258
0.000136
0.016819
0.002476
0.001199
0.000140
0.016123
0.000228
0.065138
0.022163
0.000222
0.025618
0.084830
0.000423
0.028558
0.000346
0.003422
0.013216
0.104837
0.001445
0.001777
0.036796
0.003450
0.014451
0.126062
0.000604
