0.000003
0.000003
0.000002
0.000002
0.000003
0.000003
0.000002
0.000003
0.000004
0.000003
0.000003
0.000005
0.000006
0.000008
0.000005
0.000003
0.000003
0.000004
0.000006
0.000012
0.000007
0.000003
0.000008
0.000012
0.000013
0.000019
0.000021
0.000011
0.000004
0.000004
0.000013
0.000007
0.000024
0.000014
0.000080
0.000014
0.000004
0.000012
0.000007
0.000033
0.000041
0.000017
0.000055
0.000118
0.000019
0.000005
0.000007
0.000030
0.000013
0.000011
0.000022
0.000077
0.000046
0.000086
0.000026
0.000006
0.000033
0.000031
0.000048
0.000063
0.000072
0.000087
0.000095
0.000230
0.000127
0.000033
0.000005
0.000012
0.000012
0.000011
0.000102
0.000018
0.000124
0.000029
0.000047
0.000084
0.000548
0.000044
0.000006
0.000035
0.000075
0.000126
0.000105
0.000133
0.000141
0.000153
0.000422
0.000414
0.000270
0.000458
0.000053
0.000007
0.000021
0.000076
0.000031
0.000221
0.000061
0.000027
0.000093
0.000494
0.000127
0.000585
0.000148
0.000636
0.000067
0.000008
0.000062
0.000022
0.000166
0.000022
0.000046
0.001022
0.001098
0.000063
0.000055
0.000747
0.000147
0.001824
0.000827
0.000079
0.000009
0.000038
0.000175
0.000018
0.000292
0.000079
0.000563
0.000040
0.000778
0.000176
0.000921
0.000076
0.002258
0.001048
0.001133
0.000094
0.000009
0.000112
0.000187
0.000422
0.000375
0.000476
0.000664
0.001721
0.001994
0.000989
0.001039
0.001152
0.002673
0.001219
0.002858
0.003143
0.000110
0.000009
0.000069
0.000045
0.000083
0.000377
0.000034
0.000737
0.000325
0.000054
0.000473
0.001285
0.000092
0.001483
0.000604
0.000332
0.001749
0.004136
0.000138
0.000011
0.000215
0.000432
0.000547
0.001020
0.000688
0.000879
0.001045
0.001289
0.001437
0.001562
0.001695
0.001850
0.001948
0.002048
0.002868
0.012865
0.002205
0.000166
0.000011
0.000128
0.000438
0.000038
0.000040
0.000251
0.000908
0.000064
0.003370
0.000070
0.004080
0.000117
0.002115
0.000730
0.000180
0.000403
0.002860
0.000872
0.017345
0.000177
0.000012
0.000385
0.000101
0.001402
0.001159
0.000122
0.000054
0.001289
0.000256
0.002002
0.002141
0.000323
0.002431
0.000142
0.000478
0.006515
0.017468
0.000551
0.003508
0.007248
0.000202
0.000013
0.000239
0.001036
0.000246
0.001350
0.000300
0.007702
0.000470
0.004626
0.000726
0.000094
0.000800
0.006733
0.001028
0.007310
0.001023
0.008137
0.003716
0.008536
0.001262
0.009326
0.000233
0.000014
0.000734
0.001103
0.001572
0.001384
0.002267
0.003388
0.011125
0.005184
0.006090
0.006732
0.007139
0.007866
0.008355
0.008900
0.009013
0.009479
0.010032
0.027208
0.009888
0.010582
0.010557
0.000271
0.000015
0.000453
0.000235
0.000099
0.003749
0.000059
0.003816
0.000073
0.000259
0.000818
0.003370
0.000120
0.003891
0.001208
0.000634
0.000187
0.011210
0.000253
0.034237
0.000735
0.005407
0.005456
0.013799
0.000319
0.000015
0.001406
0.002484
0.004135
0.000095
0.002796
0.004047
0.014507
0.006851
0.000159
0.008903
0.009590
0.010689
0.011364
0.000239
0.012228
0.037472
0.013386
0.014186
0.000774
0.014576
0.015066
0.020516
0.015410
0.000347
0.000016
0.000859
0.002591
0.000686
0.004201
0.000943
0.004605
0.001978
0.021288
0.001056
0.010369
0.001278
0.000155
0.001642
0.014066
0.001620
0.045816
0.006854
0.016654
0.007122
0.017357
0.003576
0.019024
0.007985
0.019419
0.000388
0.000018
0.002552
0.000548
0.004562
0.004508
0.000364
0.004747
0.006622
0.000112
0.010372
0.011610
0.001431
0.013943
0.014934
0.001696
0.016866
0.017993
0.000315
0.018895
0.018950
0.002420
0.020564
0.027067
0.008526
0.209595
0.022433
0.000435
0.000019
0.001580
0.005869
0.000271
0.004632
0.001087
0.000110
0.000235
0.009328
0.004116
0.012800
0.000525
0.049325
0.000188
0.018442
0.000824
0.020202
0.008833
0.021969
0.001112
0.000466
0.009870
0.076902
0.001277
0.216184
0.010528
0.029296
0.000471
0.000020
0.004822
0.006092
0.011993
0.013143
0.009580
0.043824
0.007715
0.029611
0.012576
0.014480
0.016599
0.056839
0.020019
0.021077
0.068795
0.023238
0.024162
0.025018
0.081178
0.026678
0.085189
0.086735
0.231024
0.274428
0.028642
0.079794
0.093128
0.000525
0.000022
0.002921
0.001298
0.002008
0.000259
0.000137
0.016904
0.002497
0.001215
0.000141
0.016422
0.000236
0.065031
0.022440
0.000223
0.025397
0.085346
0.000423
0.028559
0.000365
0.003416
0.013158
0.104648
0.001457
0.001758
0.034827
0.003526
0.014616
0.126941
0.000600
