0.000001
0.000001
0.000001
0.000001
0.000001
0.000002
0.000001
0.000001
0.000002
0.000002
0.000002
0.000001
0.000001
0.000003
0.000002
0.000002
0.000001
0.000001
0.000002
0.000004
0.000002
0.000002
0.000002
0.000003
0.000003
0.000004
0.000006
0.000003
0.000001
0.000001
0.000002
0.000002
0.000004
0.000004
0.000024
0.000004
0.000002
0.000002
0.000002
0.000005
0.000007
0.000004
0.000015
0.000044
0.000005
0.000001
0.000003
0.000004
0.000004
0.000004
0.000006
0.000017
0.000014
0.000036
0.000007
0.000001
0.000003
0.000005
0.000006
0.000009
0.000016
0.000019
0.000028
0.000073
0.000055
0.000009
0.000002
0.000003
0.000003
0.000004
0.000010
0.000005
0.000021
0.000008
0.000013
0.000027
0.000158
0.000012
0.000001
0.000004
0.000006
0.000011
0.000011
0.000017
0.000023
0.000035
0.000091
0.000130
0.000280
0.000263
0.000017
0.000002
0.000004
0.000007
0.000007
0.000018
0.000012
0.000008
0.000022
0.000099
0.000036
0.000177
0.000056
0.000347
0.000020
0.000002
0.000005
0.000005
0.000012
0.000006
0.000010
0.000078
0.000145
0.000019
0.000016
0.000193
0.000060
0.000802
0.000529
0.000024
0.000002
0.000005
0.000010
0.000006
0.000019
0.000014
0.000045
0.000011
0.000107
0.000041
0.000209
0.000033
0.000840
0.000546
0.000718
0.000030
0.000002
0.000007
0.000010
0.000019
0.000020
0.000037
0.000049
0.000159
0.000231
0.000175
0.000220
0.000344
0.000903
0.000562
0.001916
0.004901
0.000033
0.000003
0.000006
0.000007
0.000010
0.000021
0.000010
0.000047
0.000043
0.000015
0.000083
0.000233
0.000027
0.000408
0.000233
0.000116
0.001094
0.003545
0.000042
0.000002
0.000009
0.000014
0.000021
0.000035
0.000040
0.000052
0.000089
0.000119
0.000184
0.000236
0.000376
0.000446
0.000628
0.000793
0.005229
0.014340
0.003966
0.000047
0.000003
0.000008
0.000015
0.000010
0.000011
0.000025
0.000052
0.000021
0.000245
0.000022
0.000526
0.000042
0.000466
0.000268
0.000060
0.000157
0.003127
0.000716
0.017473
0.000055
0.000003
0.000013
0.000009
0.000033
0.000036
0.000019
0.000015
0.000092
0.000039
0.000189
0.000239
0.000079
0.000467
0.000041
0.000146
0.003167
0.009489
0.000232
0.004922
0.010031
0.000063
0.000003
0.000010
0.000021
0.000016
0.000036
0.000026
0.000191
0.000055
0.000266
0.000097
0.000028
0.000174
0.001162
0.000284
0.002409
0.000465
0.003954
0.002076
0.006972
0.001104
0.013116
0.000072
0.000003
0.000019
0.000022
0.000034
0.000038
0.000077
0.000099
0.000412
0.000275
0.000445
0.000535
0.001002
0.001146
0.001816
0.002521
0.003421
0.004203
0.006153
0.019055
0.010437
0.013266
0.018218
0.000081
0.000003
0.000014
0.000012
0.000014
0.000063
0.000018
0.000102
0.000023
0.000045
0.000101
0.000717
0.000037
0.001401
0.000300
0.000146
0.000057
0.004402
0.000107
0.019577
0.000345
0.004529
0.006084
0.023130
0.000091
0.000003
0.000027
0.000033
0.000059
0.000017
0.000079
0.000102
0.000427
0.000283
0.000040
0.000564
0.001047
0.001210
0.001885
0.000079
0.003662
0.011362
0.006738
0.007678
0.000350
0.013632
0.018539
0.268413
0.032823
0.000102
0.000003
0.000020
0.000034
0.000025
0.000065
0.000047
0.000106
0.000104
0.000628
0.000110
0.000561
0.000205
0.000046
0.000316
0.002655
0.000534
0.011731
0.002469
0.008224
0.003891
0.014020
0.014994
0.023417
0.009980
0.042670
0.000122
0.000004
0.000043
0.000019
0.000064
0.000070
0.000034
0.000113
0.000219
0.000033
0.000510
0.000609
0.000204
0.001234
0.002042
0.000425
0.004034
0.004957
0.000085
0.008892
0.012750
0.001511
0.020585
0.139652
0.010291
0.742991
0.058738
0.000131
0.000004
0.000030
0.000059
0.000020
0.000069
0.000051
0.000027
0.000043
0.000301
0.000235
0.000611
0.000103
0.003063
0.000060
0.002747
0.000211
0.005066
0.002712
0.009218
0.000423
0.000169
0.006691
0.073190
0.000738
0.375940
0.015939
0.191467
0.000142
0.000004
0.000062
0.000057
0.000111
0.000119
0.000159
0.000447
0.000216
0.000657
0.000516
0.000617
0.001164
0.003029
0.001986
0.002760
0.010056
0.004816
0.007560
0.008964
0.036377
0.016152
0.060860
0.072699
0.313983
0.888966
0.056140
0.901055
0.308035
0.000156
0.000004
0.000041
0.000025
0.000039
0.000024
0.000027
0.000216
0.000113
0.000087
0.000042
0.000618
0.000068
0.002969
0.001965
0.000068
0.003964
0.012293
0.000132
0.008994
0.000109
0.001563
0.006690
0.075775
0.000709
0.000807
0.056662
0.004824
0.025017
0.383171
0.000168
