0.000001
0.000001
0.000001
0.000001
0.000001
0.000001
0.000002
0.000002
0.000002
0.000001
0.000001
0.000001
0.000002
0.000003
0.000002
0.000001
0.000001
0.000001
0.000002
0.000004
0.000002
0.000001
0.000002
0.000002
0.000003
0.000004
0.000007
0.000003
0.000001
0.000002
0.000003
0.000002
0.000004
0.000005
0.000029
0.000004
0.000001
0.000002
0.000002
0.000006
0.000008
0.000004
0.000017
0.000054
0.000005
0.000002
0.000002
0.000004
0.000004
0.000004
0.000007
0.000019
0.000018
0.000043
0.000006
0.000002
0.000004
0.000005
0.000008
0.000011
0.000032
0.000021
0.000035
0.000097
0.000072
0.000009
0.000002
0.000003
0.000003
0.000004
0.000012
0.000005
0.000024
0.000009
0.000016
0.000041
0.000209
0.000012
0.000002
0.000005
0.000007
0.000013
0.000012
0.000022
0.000026
0.000043
0.000122
0.000184
0.000356
0.000362
0.000015
0.000002
0.000004
0.000007
0.000007
0.000023
0.000015
0.000008
0.000027
0.000131
0.000048
0.000231
0.000085
0.000465
0.000018
0.000002
0.000006
0.000005
0.000014
0.000007
0.000011
0.000112
0.000210
0.000023
0.000018
0.000265
0.000092
0.001126
0.000796
0.000021
0.000002
0.000005
0.000011
0.000006
0.000025
0.000017
0.000057
0.000011
0.000146
0.000056
0.000269
0.000047
0.001182
0.000817
0.001114
0.000026
0.000002
0.000008
0.000011
0.000024
0.000026
0.000048
0.000060
0.000236
0.000316
0.000259
0.000290
0.000516
0.001282
0.000830
0.002878
0.006755
0.000031
0.000002
0.000007
0.000007
0.000012
0.000026
0.000011
0.000063
0.000057
0.000016
0.000125
0.000296
0.000032
0.000579
0.000386
0.000220
0.001692
0.005010
0.000035
0.000002
0.000011
0.000017
0.000025
0.000046
0.000050
0.000062
0.000124
0.000179
0.000260
0.000302
0.000560
0.000614
0.000948
0.001293
0.007589
0.018959
0.005986
0.000041
0.000002
0.000009
0.000016
0.000010
0.000011
0.000031
0.000065
0.000024
0.000355
0.000020
0.000738
0.000061
0.000665
0.000451
0.000101
0.000325
0.004324
0.001394
0.025012
0.000047
0.000003
0.000016
0.000009
0.000045
0.000047
0.000021
0.000016
0.000133
0.000046
0.000275
0.000310
0.000129
0.000653
0.000048
0.000237
0.004859
0.013309
0.000524
0.007615
0.016602
0.000054
0.000003
0.000012
0.000026
0.000018
0.000048
0.000033
0.000303
0.000066
0.000381
0.000135
0.000026
0.000275
0.001635
0.000485
0.003878
0.000851
0.005823
0.003803
0.010591
0.002552
0.021978
0.000062
0.000003
0.000023
0.000026
0.000046
0.000049
0.000112
0.000146
0.000653
0.000388
0.000703
0.000780
0.001575
0.001687
0.002728
0.003940
0.005405
0.006044
0.009941
0.027438
0.017582
0.022558
0.031557
0.000070
0.000003
0.000016
0.000013
0.000014
0.000092
0.000018
0.000149
0.000022
0.000054
0.000146
0.001119
0.000035
0.002113
0.000526
0.000280
0.000072
0.006465
0.000212
0.029246
0.000897
0.008894
0.012548
0.040826
0.000078
0.000004
0.000034
0.000044
0.000085
0.000016
0.000117
0.000150
0.000708
0.000408
0.000048
0.000808
0.001706
0.001727
0.002847
0.000131
0.005756
0.016359
0.010918
0.012049
0.000909
0.023755
0.032866
0.303483
0.063664
0.000088
0.000004
0.000023
0.000045
0.000030
0.000094
0.000061
0.000152
0.000146
0.000984
0.000158
0.000825
0.000319
0.000042
0.000517
0.004177
0.000976
0.016802
0.004523
0.013088
0.007591
0.024503
0.025950
0.041583
0.023381
0.083877
0.000103
0.000004
0.000060
0.000021
0.000105
0.000092
0.000039
0.000160
0.000327
0.000032
0.000779
0.000874
0.000323
0.002053
0.003159
0.000793
0.006382
0.007287
0.000109
0.014338
0.024512
0.003754
0.039440
0.176764
0.024069
1.076301
0.116064
0.000113
0.000003
0.000036
0.000079
0.000022
0.000094
0.000066
0.000028
0.000049
0.000441
0.000340
0.000855
0.000150
0.004588
0.000052
0.004251
0.000405
0.007220
0.004803
0.013768
0.000996
0.000390
0.013613
0.111542
0.002427
0.584372
0.040549
0.338543
0.000122
0.000004
0.000083
0.000077
0.000167
0.000172
0.000250
0.000758
0.000332
0.001053
0.000834
0.000893
0.001889
0.004632
0.003141
0.004340
0.015659
0.007262
0.012210
0.014279
0.060116
0.029113
0.099461
0.116774
0.530999
1.341425
0.117038
1.173427
0.587770
0.000135
0.000004
0.000054
0.000030
0.000051
0.000025
0.000029
0.000342
0.000152
0.000106
0.000042
0.000888
0.000085
0.004749
0.003150
0.000062
0.006354
0.018072
0.000250
0.014453
0.000146
0.003898
0.015276
0.125844
0.002495
0.002984
0.119065
0.016289
0.071095
0.732986
0.000148
