0.000001
0.000001
0.000001
0.000001
0.000001
0.000001
0.000002
0.000002
0.000002
0.000002
0.000001
0.000001
0.000001
0.000003
0.000002
0.000002
0.000002
0.000002
0.000002
0.000004
0.000002
0.000001
0.000002
0.000003
0.000004
0.000004
0.000007
0.000003
0.000002
0.000002
0.000003
0.000002
0.000005
0.000006
0.000030
0.000003
0.000002
0.000002
0.000002
0.000007
0.000009
0.000004
0.000018
0.000057
0.000005
0.000001
0.000002
0.000004
0.000004
0.000003
0.000007
0.000020
0.000018
0.000045
0.000007
0.000002
0.000003
0.000005
0.000007
0.000011
0.000018
0.000021
0.000035
0.000097
0.000072
0.000008
0.000002
0.000003
0.000004
0.000004
0.000011
0.000005
0.000024
0.000010
0.000017
0.000041
0.000205
0.000011
0.000002
0.000005
0.000007
0.000012
0.000013
0.000021
0.000027
0.000043
0.000118
0.000180
0.000353
0.000359
0.000015
0.000002
0.000004
0.000007
0.000007
0.000023
0.000015
0.000008
0.000028
0.000128
0.000049
0.000246
0.000087
0.000475
0.000018
0.000002
0.000006
0.000005
0.000015
0.000007
0.000011
0.000112
0.000211
0.000023
0.000019
0.000252
0.000092
0.001121
0.000777
0.000021
0.000003
0.000005
0.000010
0.000007
0.000024
0.000017
0.000058
0.000011
0.000142
0.000056
0.000263
0.000047
0.001187
0.000816
0.001089
0.000026
0.000002
0.000008
0.000011
0.000025
0.000025
0.000047
0.000060
0.000246
0.000320
0.000244
0.000286
0.000511
0.001295
0.000827
0.002820
0.006780
0.000031
0.000002
0.000007
0.000007
0.000012
0.000026
0.000010
0.000063
0.000057
0.000016
0.000122
0.000295
0.000032
0.000573
0.000376
0.000232
0.001732
0.005025
0.000036
0.000003
0.000011
0.000017
0.000026
0.000047
0.000052
0.000064
0.000120
0.000156
0.000256
0.000300
0.000558
0.000614
0.000948
0.001318
0.007631
0.019103
0.005859
0.000041
0.000002
0.000008
0.000017
0.000010
0.000010
0.000031
0.000066
0.000024
0.000351
0.000020
0.000760
0.000062
0.000661
0.000447
0.000104
0.000315
0.004356
0.001391
0.025213
0.000047
0.000003
0.000016
0.000009
0.000044
0.000047
0.000020
0.000016
0.000129
0.000047
0.000270
0.000306
0.000125
0.000678
0.000051
0.000246
0.004882
0.013474
0.000519
0.007576
0.016548
0.000053
0.000003
0.000012
0.000026
0.000018
0.000048
0.000033
0.000297
0.000066
0.000376
0.000130
0.000027
0.000287
0.001631
0.000480
0.003861
0.000818
0.005842
0.003698
0.010704
0.002462
0.022023
0.000061
0.000003
0.000023
0.000026
0.000046
0.000049
0.000109
0.000140
0.000665
0.000405
0.000711
0.000797
0.001575
0.001688
0.002717
0.003943
0.005379
0.006031
0.009940
0.027573
0.017799
0.022536
0.031887
0.000069
0.000003
0.000016
0.000013
0.000014
0.000088
0.000018
0.000146
0.000022
0.000055
0.000141
0.001151
0.000035
0.002110
0.000505
0.000276
0.000072
0.006469
0.000207
0.029172
0.000890
0.009026
0.012462
0.040737
0.000078
0.000004
0.000034
0.000044
0.000084
0.000016
0.000115
0.000146
0.000708
0.000409
0.000048
0.000803
0.001679
0.001744
0.002839
0.000125
0.005791
0.016422
0.011241
0.012196
0.000904
0.023725
0.032749
0.303362
0.063953
0.000087
0.000003
0.000023
0.000045
0.000029
0.000089
0.000061
0.000149
0.000141
0.000995
0.000154
0.000820
0.000303
0.000042
0.000523
0.004251
0.000980
0.016879
0.004526
0.012754
0.007622
0.024672
0.025754
0.041576
0.023238
0.084181
0.000107
0.000004
0.000058
0.000021
0.000093
0.000097
0.000042
0.000164
0.000339
0.000033
0.000834
0.000915
0.000333
0.001885
0.003209
0.000813
0.006374
0.007464
0.000109
0.014892
0.025312
0.003885
0.037652
0.182109
0.024627
1.111033
0.119228
0.000115
0.000004
0.000037
0.000080
0.000022
0.000094
0.000065
0.000027
0.000049
0.000437
0.000372
0.000901
0.000158
0.004674
0.000054
0.004472
0.000414
0.007306
0.005030
0.014385
0.000994
0.000393
0.013943
0.114983
0.002437
0.595832
0.041670
0.354269
0.000126
0.000005
0.000087
0.000079
0.000170
0.000199
0.000263
0.000875
0.000350
0.001116
0.000842
0.000921
0.001988
0.004755
0.003269
0.004609
0.016397
0.007469
0.012795
0.014648
0.062414
0.029783
0.103092
0.121986
0.546816
1.382271
0.120435
1.221478
0.632306
0.000145
0.000004
0.000058
0.000033
0.000055
0.000027
0.000031
0.000377
0.000166
0.000115
0.000044
0.000932
0.000089
0.005038
0.003342
0.000070
0.006690
0.019363
0.000264
0.015429
0.000153
0.004108
0.015547
0.128171
0.002520
0.003005
0.122283
0.016884
0.074756
0.827776
0.000160
