0.000002
0.000001
0.000001
0.000001
0.000002
0.000001
0.000001
0.000001
0.000002
0.000001
0.000001
0.000001
0.000002
0.000004
0.000002
0.000001
0.000001
0.000001
0.000002
0.000004
0.000002
0.000001
0.000001
0.000003
0.000003
0.000004
0.000007
0.000002
0.000002
0.000002
0.000002
0.000002
0.000005
0.000005
0.000029
0.000004
0.000001
0.000003
0.000002
0.000006
0.000008
0.000005
0.000018
0.000054
0.000005
0.000002
0.000003
0.000004
0.000004
0.000004
0.000007
0.000019
0.000018
0.000043
0.000007
0.000001
0.000003
0.000005
0.000007
0.000010
0.000018
0.000020
0.000034
0.000096
0.000084
0.000009
0.000002
0.000003
0.000003
0.000004
0.000012
0.000005
0.000024
0.000009
0.000017
0.000040
0.000205
0.000012
0.000002
0.000004
0.000007
0.000013
0.000013
0.000022
0.000027
0.000043
0.000118
0.000179
0.000351
0.000359
0.000014
0.000002
0.000004
0.000007
0.000007
0.000023
0.000015
0.000008
0.000028
0.000128
0.000047
0.000227
0.000085
0.000464
0.000018
0.000002
0.000006
0.000005
0.000015
0.000007
0.000011
0.000109
0.000206
0.000022
0.000018
0.000247
0.000090
0.001129
0.000774
0.000022
0.000002
0.000005
0.000011
0.000007
0.000025
0.000017
0.000059
0.000012
0.000146
0.000057
0.000271
0.000050
0.001196
0.000811
0.001118
0.000027
0.000002
0.000008
0.000011
0.000026
0.000026
0.000048
0.000075
0.000231
0.000311
0.000237
0.000278
0.000499
0.001297
0.000844
0.002819
0.006821
0.000030
0.000002
0.000007
0.000007
0.000011
0.000026
0.000010
0.000062
0.000055
0.000015
0.000118
0.000285
0.000031
0.000559
0.000398
0.000221
0.001740
0.004984
0.000035
0.000002
0.000011
0.000017
0.000026
0.000047
0.000051
0.000064
0.000120
0.000154
0.000255
0.000300
0.000559
0.000612
0.000946
0.001358
0.007667
0.019077
0.005858
0.000041
0.000003
0.000008
0.000017
0.000010
0.000011
0.000030
0.000065
0.000023
0.000351
0.000020
0.000709
0.000072
0.000659
0.000447
0.000104
0.000315
0.004379
0.001393
0.025161
0.000047
0.000002
0.000016
0.000009
0.000044
0.000047
0.000020
0.000016
0.000129
0.000047
0.000271
0.000305
0.000125
0.000689
0.000051
0.000246
0.004908
0.013414
0.000523
0.007604
0.016578
0.000053
0.000003
0.000011
0.000026
0.000018
0.000049
0.000033
0.000297
0.000065
0.000376
0.000148
0.000027
0.000287
0.001687
0.000484
0.003811
0.000835
0.005787
0.003698
0.010667
0.002462
0.021968
0.000062
0.000002
0.000023
0.000027
0.000046
0.000050
0.000109
0.000140
0.000671
0.000405
0.000709
0.000807
0.001527
0.001661
0.002721
0.003964
0.005297
0.006030
0.009761
0.027654
0.017582
0.022584
0.031520
0.000070
0.000003
0.000016
0.000013
0.000014
0.000088
0.000017
0.000146
0.000022
0.000055
0.000142
0.001115
0.000035
0.002072
0.000506
0.000276
0.000072
0.006525
0.000207
0.029128
0.000895
0.009002
0.012373
0.041100
0.000078
0.000004
0.000034
0.000045
0.000085
0.000016
0.000114
0.000146
0.000683
0.000397
0.000046
0.000816
0.001698
0.001715
0.002840
0.000125
0.005779
0.016311
0.010915
0.012206
0.000903
0.023760
0.032693
0.303622
0.063828
0.000089
0.000003
0.000024
0.000046
0.000030
0.000090
0.000063
0.000153
0.000147
0.000993
0.000153
0.000818
0.000303
0.000043
0.000526
0.004202
0.000982
0.016823
0.004565
0.012802
0.007669
0.024930
0.025823
0.041587
0.023358
0.083350
0.000104
0.000004
0.000056
0.000021
0.000091
0.000095
0.000040
0.000165
0.000331
0.000033
0.000790
0.000860
0.000318
0.001807
0.003080
0.000777
0.006294
0.007300
0.000110
0.016601
0.034903
0.004912
0.042649
0.177587
0.023883
1.072635
0.118740
0.000112
0.000004
0.000036
0.000080
0.000022
0.000094
0.000066
0.000028
0.000049
0.000437
0.000340
0.000856
0.000150
0.004676
0.000055
0.004414
0.000415
0.007218
0.004910
0.014099
0.000972
0.000384
0.013717
0.115221
0.002435
0.583136
0.040723
0.338717
0.000121
0.000003
0.000083
0.000078
0.000166
0.000172
0.000249
0.000760
0.000330
0.001054
0.000831
0.000896
0.001902
0.004640
0.003138
0.004338
0.015821
0.007100
0.012393
0.014180
0.059954
0.028870
0.099482
0.117837
0.530841
1.343057
0.117456
1.176175
0.594378
0.000142
0.000005
0.000057
0.000032
0.000054
0.000026
0.000031
0.000361
0.000161
0.000112
0.000043
0.000908
0.000087
0.004873
0.003241
0.000062
0.006379
0.018307
0.000251
0.014446
0.000145
0.003897
0.014597
0.123655
0.002442
0.002948
0.119909
0.016095
0.069499
0.732104
0.000154
