0.000002
0.000001
0.000001
0.000001
0.000001
0.000001
0.000001
0.000001
0.000002
0.000001
0.000001
0.000001
0.000002
0.000004
0.000002
0.000001
0.000001
0.000001
0.000002
0.000004
0.000002
0.000002
0.000002
0.000002
0.000004
0.000004
0.000007
0.000003
0.000001
0.000002
0.000003
0.000002
0.000005
0.000006
0.000030
0.000004
0.000001
0.000002
0.000002
0.000006
0.000009
0.000004
0.000018
0.000055
0.000005
0.000001
0.000002
0.000005
0.000003
0.000003
0.000007
0.000019
0.000018
0.000046
0.000007
0.000002
0.000004
0.000004
0.000007
0.000010
0.000018
0.000021
0.000034
0.000096
0.000071
0.000009
0.000002
0.000004
0.000004
0.000004
0.000012
0.000005
0.000024
0.000009
0.000017
0.000040
0.000201
0.000012
0.000002
0.000004
0.000007
0.000012
0.000012
0.000021
0.000026
0.000042
0.000116
0.000192
0.000354
0.000360
0.000015
0.000002
0.000004
0.000008
0.000007
0.000023
0.000015
0.000008
0.000028
0.000128
0.000048
0.000227
0.000087
0.000465
0.000018
0.000002
0.000006
0.000005
0.000014
0.000007
0.000011
0.000109
0.000206
0.000023
0.000019
0.000247
0.000091
0.001138
0.000780
0.000023
0.000002
0.000005
0.000010
0.000007
0.000038
0.000017
0.000057
0.000011
0.000141
0.000056
0.000266
0.000048
0.001197
0.000814
0.001111
0.000026
0.000003
0.000008
0.000010
0.000024
0.000025
0.000048
0.000059
0.000231
0.000311
0.000238
0.000297
0.000513
0.001310
0.000829
0.002826
0.006792
0.000031
0.000002
0.000007
0.000007
0.000011
0.000027
0.000010
0.000063
0.000057
0.000015
0.000121
0.000293
0.000031
0.000577
0.000383
0.000216
0.001692
0.005016
0.000036
0.000002
0.000011
0.000016
0.000026
0.000046
0.000052
0.000064
0.000120
0.000156
0.000259
0.000300
0.000559
0.000614
0.000978
0.001334
0.007668
0.019250
0.005861
0.000041
0.000002
0.000008
0.000017
0.000010
0.000011
0.000031
0.000065
0.000023
0.000353
0.000020
0.000739
0.000062
0.000662
0.000457
0.000100
0.000306
0.004321
0.001386
0.025082
0.000047
0.000003
0.000015
0.000009
0.000044
0.000047
0.000020
0.000016
0.000130
0.000047
0.000270
0.000305
0.000125
0.000676
0.000049
0.000240
0.004904
0.013558
0.000540
0.007593
0.016698
0.000054
0.000003
0.000011
0.000027
0.000018
0.000049
0.000033
0.000299
0.000067
0.000377
0.000131
0.000027
0.000273
0.001648
0.000480
0.003877
0.000835
0.005785
0.003741
0.010736
0.002512
0.021986
0.000061
0.000003
0.000022
0.000027
0.000046
0.000048
0.000108
0.000141
0.000651
0.000406
0.000713
0.000802
0.001556
0.001667
0.002734
0.003948
0.005378
0.006047
0.009766
0.027761
0.017623
0.022717
0.032063
0.000071
0.000003
0.000017
0.000014
0.000014
0.000090
0.000019
0.000148
0.000023
0.000056
0.000145
0.001110
0.000034
0.002070
0.000505
0.000276
0.000072
0.006459
0.000208
0.029181
0.000892
0.009020
0.012358
0.041025
0.000078
0.000003
0.000034
0.000044
0.000085
0.000016
0.000115
0.000146
0.000687
0.000400
0.000046
0.000820
0.001674
0.001750
0.002840
0.000125
0.005765
0.016248
0.010928
0.012041
0.000904
0.023861
0.033057
0.306591
0.064455
0.000088
0.000004
0.000023
0.000045
0.000030
0.000089
0.000061
0.000164
0.000145
0.000989
0.000152
0.000824
0.000304
0.000042
0.000538
0.004256
0.000989
0.016809
0.004656
0.012762
0.007711
0.024989
0.026090
0.043969
0.025049
0.104364
0.000111
0.000004
0.000059
0.000022
0.000097
0.000102
0.000044
0.000169
0.000348
0.000034
0.000847
0.000929
0.000340
0.001933
0.003266
0.000817
0.006459
0.007725
0.000116
0.014704
0.023214
0.003656
0.035540
0.177132
0.023906
1.072986
0.115884
0.000113
0.000003
0.000036
0.000079
0.000022
0.000093
0.000065
0.000027
0.000049
0.000436
0.000338
0.000860
0.000151
0.004540
0.000054
0.004368
0.000413
0.007168
0.004893
0.013906
0.000988
0.000392
0.013680
0.111763
0.002381
0.579081
0.040489
0.339810
0.000122
0.000004
0.000083
0.000077
0.000165
0.000174
0.000273
0.000749
0.000332
0.001054
0.000821
0.000902
0.001873
0.004630
0.003129
0.004452
0.015745
0.007301
0.012246
0.014244
0.060323
0.028829
0.099498
0.117793
0.531185
1.351408
0.118025
1.174157
0.587212
0.000134
0.000004
0.000054
0.000030
0.000065
0.000026
0.000030
0.000349
0.000156
0.000110
0.000042
0.000882
0.000084
0.004799
0.003182
0.000065
0.006236
0.017847
0.000251
0.014389
0.000146
0.003883
0.014506
0.122891
0.002470
0.002925
0.117934
0.016030
0.069192
0.734164
0.000148
