0.000001
0.000001
0.000001
0.000001
0.000001
0.000001
0.000001
0.000001
0.000001
0.000002
0.000001
0.000002
0.000002
0.000003
0.000002
0.000001
0.000002
0.000002
0.000003
0.000005
0.000002
0.000001
0.000002
0.000002
0.000003
0.000005
0.000008
0.000003
0.000002
0.000002
0.000003
0.000003
0.000005
0.000006
0.000031
0.000004
0.000002
0.000002
0.000002
0.000007
0.000010
0.000004
0.000019
0.000059
0.000005
0.000002
0.000003
0.000005
0.000006
0.000004
0.000008
0.000020
0.000019
0.000061
0.000007
0.000002
0.000003
0.000005
0.000008
0.000011
0.000019
0.000023
0.000038
0.000106
0.000079
0.000010
0.000001
0.000003
0.000004
0.000004
0.000012
0.000006
0.000025
0.000010
0.000018
0.000044
0.000220
0.000013
0.000002
0.000005
0.000007
0.000014
0.000013
0.000023
0.000028
0.000046
0.000129
0.000195
0.000381
0.000391
0.000016
0.000002
0.000005
0.000008
0.000008
0.000025
0.000016
0.000009
0.000030
0.000140
0.000051
0.000259
0.000095
0.000517
0.000020
0.000003
0.000006
0.000005
0.000017
0.000008
0.000012
0.000122
0.000236
0.000024
0.000020
0.000268
0.000098
0.001228
0.000839
0.000024
0.000002
0.000006
0.000011
0.000007
0.000027
0.000018
0.000063
0.000013
0.000152
0.000061
0.000286
0.000052
0.001261
0.000898
0.001203
0.000028
0.000002
0.000009
0.000012
0.000027
0.000027
0.000052
0.000065
0.000250
0.000338
0.000257
0.000303
0.000543
0.001396
0.000923
0.003129
0.007347
0.000032
0.000002
0.000007
0.000008
0.000013
0.000028
0.000011
0.000066
0.000059
0.000016
0.000129
0.000310
0.000034
0.000633
0.000417
0.000250
0.001869
0.005469
0.000037
0.000003
0.000012
0.000019
0.000027
0.000050
0.000055
0.000068
0.000128
0.000179
0.000280
0.000325
0.000630
0.000697
0.001048
0.001434
0.008273
0.021117
0.006566
0.000045
0.000003
0.000009
0.000019
0.000011
0.000012
0.000034
0.000073
0.000026
0.000431
0.000024
0.000859
0.000067
0.000718
0.000485
0.000113
0.000342
0.004783
0.001568
0.028045
0.000052
0.000003
0.000018
0.000010
0.000049
0.000052
0.000023
0.000017
0.000145
0.000052
0.000303
0.000342
0.000139
0.000721
0.000053
0.000275
0.005323
0.014787
0.000562
0.008213
0.018343
0.000058
0.000003
0.000013
0.000029
0.000020
0.000052
0.000036
0.000322
0.000076
0.000433
0.000151
0.000030
0.000321
0.001813
0.000536
0.004145
0.000882
0.006358
0.004104
0.011539
0.002752
0.024616
0.000070
0.000004
0.000026
0.000031
0.000054
0.000056
0.000123
0.000161
0.000744
0.000442
0.000778
0.000876
0.001726
0.001858
0.003038
0.004379
0.005890
0.006695
0.011315
0.031601
0.019576
0.024766
0.034620
0.000076
0.000004
0.000018
0.000015
0.000016
0.000097
0.000020
0.000162
0.000025
0.000061
0.000157
0.001208
0.000037
0.002304
0.000558
0.000291
0.000076
0.007097
0.000232
0.031815
0.001006
0.009856
0.013632
0.045024
0.000085
0.000004
0.000037
0.000048
0.000090
0.000017
0.000123
0.000173
0.000761
0.000443
0.000051
0.000890
0.001842
0.001865
0.003134
0.000136
0.006294
0.017998
0.011935
0.013138
0.000979
0.025922
0.036123
0.334908
0.071545
0.000108
0.000004
0.000027
0.000061
0.000033
0.000100
0.000068
0.000165
0.000157
0.001109
0.000171
0.000915
0.000340
0.000047
0.000584
0.004760
0.001096
0.018788
0.005140
0.014519
0.008619
0.029352
0.030311
0.048773
0.027264
0.092879
0.000113
0.000004
0.000065
0.000023
0.000099
0.000103
0.000043
0.000173
0.000359
0.000036
0.000862
0.000941
0.000345
0.001965
0.003368
0.000832
0.006761
0.007743
0.000116
0.015076
0.023936
0.003897
0.038325
0.190929
0.026408
1.166491
0.127875
0.000119
0.000004
0.000038
0.000084
0.000023
0.000098
0.000069
0.000029
0.000052
0.000492
0.000376
0.000949
0.000162
0.004977
0.000058
0.004660
0.000471
0.007583
0.005361
0.015131
0.001051
0.000412
0.014786
0.122665
0.002591
0.630291
0.044396
0.378012
0.000140
0.000005
0.000095
0.000089
0.000191
0.000198
0.000289
0.000854
0.000372
0.001244
0.000954
0.001016
0.002170
0.005242
0.003576
0.005191
0.018475
0.008450
0.014390
0.016425
0.070344
0.033665
0.116132
0.141750
0.612235
1.555058
0.122665
1.177088
0.587563
0.000143
0.000005
0.000054
0.000030
0.000051
0.000025
0.000029
0.000347
0.000158
0.000110
0.000042
0.000888
0.000084
0.004747
0.003185
0.000061
0.006267
0.017870
0.000256
0.014399
0.000149
0.003783
0.014454
0.123281
0.002452
0.002933
0.118053
0.015914
0.069357
0.731424
0.000156
