0.000001
0.000001
0.000001
0.000002
0.000002
0.000001
0.000001
0.000001
0.000002
0.000002
0.000001
0.000002
0.000002
0.000003
0.000002
0.000002
0.000002
0.000002
0.000002
0.000005
0.000003
0.000001
0.000002
0.000003
0.000004
0.000005
0.000007
0.000003
0.000002
0.000002
0.000003
0.000002
0.000005
0.000005
0.000031
0.000004
0.000002
0.000003
0.000002
0.000006
0.000010
0.000005
0.000019
0.000059
0.000006
0.000002
0.000002
0.000004
0.000004
0.000004
0.000008
0.000020
0.000019
0.000048
0.000007
0.000001
0.000003
0.000004
0.000008
0.000012
0.000019
0.000022
0.000037
0.000103
0.000079
0.000009
0.000002
0.000003
0.000004
0.000005
0.000012
0.000005
0.000025
0.000010
0.000018
0.000042
0.000213
0.000012
0.000002
0.000004
0.000007
0.000013
0.000013
0.000023
0.000027
0.000045
0.000122
0.000198
0.000370
0.000376
0.000016
0.000002
0.000004
0.000007
0.000007
0.000024
0.000015
0.000009
0.000030
0.000136
0.000050
0.000239
0.000090
0.000489
0.000020
0.000003
0.000006
0.000005
0.000015
0.000007
0.000011
0.000115
0.000216
0.000024
0.000019
0.000261
0.000097
0.001147
0.000799
0.000022
0.000002
0.000005
0.000011
0.000008
0.000026
0.000018
0.000060
0.000012
0.000149
0.000059
0.000278
0.000051
0.001230
0.000836
0.001202
0.000027
0.000002
0.000009
0.000011
0.000026
0.000027
0.000050
0.000062
0.000244
0.000333
0.000258
0.000286
0.000516
0.001333
0.000898
0.002898
0.007013
0.000032
0.000003
0.000007
0.000007
0.000012
0.000027
0.000011
0.000065
0.000058
0.000016
0.000125
0.000302
0.000033
0.000592
0.000409
0.000227
0.001780
0.005209
0.000037
0.000002
0.000011
0.000017
0.000026
0.000049
0.000053
0.000065
0.000123
0.000160
0.000263
0.000307
0.000596
0.000665
0.001017
0.001362
0.007929
0.020042
0.006272
0.000043
0.000003
0.000009
0.000018
0.000011
0.000011
0.000032
0.000068
0.000026
0.000370
0.000022
0.000763
0.000063
0.000677
0.000458
0.000106
0.000323
0.004558
0.001428
0.026489
0.000050
0.000003
0.000016
0.000010
0.000047
0.000050
0.000022
0.000016
0.000138
0.000050
0.000286
0.000324
0.000131
0.000704
0.000052
0.000291
0.005137
0.014130
0.000564
0.007978
0.017633
0.000058
0.000003
0.000013
0.000029
0.000019
0.000052
0.000036
0.000321
0.000072
0.000417
0.000138
0.000028
0.000286
0.001734
0.000506
0.004087
0.000857
0.005980
0.003960
0.011222
0.002667
0.023858
0.000069
0.000003
0.000025
0.000030
0.000052
0.000055
0.000120
0.000158
0.000735
0.000447
0.000755
0.000847
0.001723
0.001846
0.003002
0.004382
0.005927
0.006886
0.010950
0.030527
0.019877
0.025487
0.034762
0.000073
0.000003
0.000017
0.000015
0.000015
0.000093
0.000019
0.000156
0.000023
0.000060
0.000154
0.001178
0.000036
0.002185
0.000534
0.000293
0.000076
0.006870
0.000217
0.030600
0.000938
0.009440
0.013044
0.043399
0.000082
0.000003
0.000036
0.000047
0.000089
0.000017
0.000121
0.000154
0.000720
0.000439
0.000050
0.000845
0.001743
0.001861
0.003131
0.000136
0.006262
0.017992
0.012224
0.013185
0.000977
0.026365
0.037193
0.337067
0.067315
0.000093
0.000003
0.000025
0.000047
0.000031
0.000094
0.000064
0.000156
0.000149
0.001016
0.000176
0.000868
0.000322
0.000045
0.000553
0.004412
0.001034
0.017682
0.004751
0.013453
0.007998
0.026112
0.028839
0.046322
0.026589
0.091854
0.000113
0.000004
0.000061
0.000022
0.000114
0.000099
0.000042
0.000168
0.000349
0.000034
0.000846
0.000916
0.000361
0.002115
0.003308
0.000812
0.006787
0.007755
0.000113
0.014386
0.022621
0.003644
0.037560
0.202984
0.028123
1.194481
0.127080
0.000120
0.000006
0.000068
0.000110
0.000023
0.000096
0.000083
0.000029
0.000053
0.000473
0.000396
0.000936
0.000163
0.004904
0.000058
0.005272
0.000449
0.007838
0.005580
0.015925
0.001073
0.000434
0.015127
0.123392
0.002584
0.621092
0.043138
0.364782
0.000133
0.000004
0.000109
0.000082
0.000174
0.000182
0.000284
0.000856
0.000361
0.001150
0.000871
0.000942
0.002001
0.004932
0.003279
0.004705
0.016555
0.007586
0.013555
0.017958
0.075375
0.035545
0.106504
0.128558
0.562310
1.410501
0.123218
1.235321
0.617577
0.000164
0.000004
0.000059
0.000032
0.000056
0.000027
0.000031
0.000369
0.000164
0.000115
0.000044
0.000931
0.000089
0.004923
0.003303
0.000065
0.006606
0.018857
0.000262
0.014902
0.000156
0.004011
0.015114
0.128883
0.002549
0.003017
0.123923
0.016698
0.072869
0.769922
0.000160
