0.000007
0.000002
0.000001
0.000001
0.000002
0.000001
0.000002
0.000001
0.000003
0.000002
0.000001
0.000001
0.000002
0.000004
0.000002
0.000002
0.000001
0.000001
0.000002
0.000005
0.000003
0.000002
0.000002
0.000003
0.000004
0.000005
0.000009
0.000003
0.000002
0.000002
0.000003
0.000002
0.000005
0.000006
0.000031
0.000004
0.000002
0.000002
0.000003
0.000007
0.000009
0.000005
0.000019
0.000071
0.000006
0.000002
0.000002
0.000004
0.000004
0.000004
0.000007
0.000021
0.000019
0.000047
0.000007
0.000002
0.000004
0.000005
0.000008
0.000011
0.000019
0.000022
0.000037
0.000101
0.000074
0.000009
0.000002
0.000003
0.000003
0.000004
0.000012
0.000006
0.000025
0.000010
0.000017
0.000041
0.000211
0.000012
0.000002
0.000004
0.000007
0.000013
0.000013
0.000022
0.000027
0.000045
0.000122
0.000186
0.000377
0.000359
0.000015
0.000002
0.000004
0.000007
0.000007
0.000023
0.000015
0.000007
0.000027
0.000130
0.000047
0.000217
0.000083
0.000489
0.000018
0.000002
0.000006
0.000005
0.000014
0.000006
0.000010
0.000104
0.000216
0.000025
0.000021
0.000242
0.000092
0.001076
0.000986
0.000052
0.000002
0.000005
0.000011
0.000006
0.000024
0.000017
0.000059
0.000011
0.000147
0.000054
0.000258
0.000047
0.001200
0.000817
0.001153
0.000026
0.000002
0.000010
0.000012
0.000025
0.000026
0.000049
0.000066
0.000245
0.000328
0.000255
0.000314
0.000539
0.001306
0.000846
0.002973
0.007064
0.000042
0.000003
0.000007
0.000009
0.000013
0.000029
0.000014
0.000069
0.000063
0.000021
0.000131
0.000311
0.000039
0.000635
0.000407
0.000228
0.001789
0.005295
0.000038
0.000002
0.000012
0.000017
0.000027
0.000058
0.000063
0.000066
0.000124
0.000159
0.000264
0.000319
0.000577
0.000688
0.001006
0.001373
0.008100
0.020240
0.006199
0.000041
0.000003
0.000008
0.000017
0.000010
0.000011
0.000040
0.000066
0.000024
0.000384
0.000024
0.000770
0.000061
0.000690
0.000446
0.000105
0.000316
0.004412
0.001455
0.026337
0.000059
0.000003
0.000019
0.000009
0.000047
0.000050
0.000028
0.000017
0.000138
0.000050
0.000297
0.000342
0.000142
0.000712
0.000048
0.000235
0.004789
0.014171
0.000565
0.007863
0.017552
0.000055
0.000003
0.000012
0.000027
0.000019
0.000050
0.000034
0.000342
0.000087
0.000429
0.000130
0.000026
0.000272
0.001671
0.000496
0.003965
0.000863
0.006012
0.003893
0.011155
0.002641
0.023020
0.000066
0.000004
0.000038
0.000028
0.000048
0.000050
0.000115
0.000165
0.000693
0.000419
0.000731
0.000856
0.001601
0.001667
0.002785
0.004101
0.005575
0.006464
0.010192
0.028628
0.018689
0.023785
0.034056
0.000078
0.000004
0.000018
0.000014
0.000016
0.000095
0.000019
0.000157
0.000024
0.000059
0.000154
0.001215
0.000035
0.002148
0.000526
0.000309
0.000075
0.006751
0.000214
0.030828
0.000962
0.009494
0.013209
0.043417
0.000085
0.000004
0.000037
0.000048
0.000091
0.000018
0.000139
0.000154
0.000748
0.000433
0.000050
0.000852
0.001717
0.001782
0.002985
0.000129
0.006118
0.017221
0.011616
0.013011
0.000996
0.026192
0.035255
0.315930
0.064801
0.000088
0.000004
0.000024
0.000045
0.000030
0.000089
0.000061
0.000149
0.000142
0.000988
0.000154
0.000823
0.000304
0.000043
0.000541
0.004270
0.000981
0.016864
0.004646
0.012825
0.007882
0.025446
0.025940
0.042335
0.024683
0.085988
0.000107
0.000004
0.000058
0.000021
0.000093
0.000114
0.000040
0.000159
0.000331
0.000033
0.000826
0.000921
0.000318
0.001868
0.003260
0.000769
0.006421
0.007376
0.000111
0.014369
0.023006
0.003655
0.036867
0.185533
0.025698
1.063916
0.118392
0.000115
0.000004
0.000038
0.000081
0.000022
0.000096
0.000067
0.000028
0.000050
0.000447
0.000347
0.000881
0.000153
0.004594
0.000054
0.004358
0.000413
0.007152
0.004901
0.014401
0.001011
0.000390
0.013805
0.117239
0.002617
0.659939
0.043938
0.361295
0.000121
0.000004
0.000084
0.000078
0.000165
0.000173
0.000250
0.000768
0.000342
0.001083
0.000816
0.000896
0.001901
0.004665
0.003123
0.004446
0.015957
0.007527
0.013268
0.014622
0.062628
0.029234
0.105446
0.127684
0.548315
1.535603
0.143392
1.449731
0.668964
0.000154
0.000005
0.000070
0.000035
0.000070
0.000029
0.000032
0.000393
0.000175
0.000122
0.000047
0.000986
0.000095
0.005297
0.003547
0.000070
0.007112
0.020480
0.000286
0.016417
0.000166
0.004328
0.016554
0.141509
0.002750
0.003271
0.133721
0.018038
0.077096
0.817611
0.000176
