0.000001
0.000001
0.000001
0.000001
0.000001
0.000001
0.000001
0.000001
0.000002
0.000001
0.000001
0.000001
0.000002
0.000003
0.000002
0.000001
0.000001
0.000001
0.000002
0.000004
0.000002
0.000001
0.000002
0.000002
0.000003
0.000004
0.000007
0.000003
0.000001
0.000002
0.000003
0.000002
0.000005
0.000006
0.000030
0.000004
0.000001
0.000002
0.000002
0.000006
0.000009
0.000004
0.000018
0.000056
0.000005
0.000002
0.000002
0.000004
0.000004
0.000003
0.000007
0.000020
0.000018
0.000045
0.000007
0.000002
0.000003
0.000005
0.000008
0.000010
0.000018
0.000021
0.000036
0.000099
0.000074
0.000009
0.000002
0.000003
0.000003
0.000004
0.000012
0.000005
0.000024
0.000010
0.000017
0.000041
0.000209
0.000012
0.000002
0.000004
0.000007
0.000013
0.000013
0.000022
0.000027
0.000044
0.000120
0.000184
0.000358
0.000361
0.000015
0.000002
0.000004
0.000007
0.000007
0.000023
0.000015
0.000008
0.000028
0.000131
0.000048
0.000234
0.000087
0.000476
0.000018
0.000002
0.000006
0.000005
0.000015
0.000007
0.000011
0.000111
0.000212
0.000023
0.000019
0.000253
0.000092
0.001127
0.000785
0.000022
0.000002
0.000005
0.000011
0.000007
0.000025
0.000017
0.000058
0.000011
0.000144
0.000056
0.000266
0.000048
0.001193
0.000817
0.001116
0.000026
0.000002
0.000008
0.000011
0.000025
0.000026
0.000048
0.000061
0.000240
0.000322
0.000246
0.000288
0.000513
0.001299
0.000842
0.002866
0.006826
0.000031
0.000002
0.000007
0.000007
0.000012
0.000026
0.000010
0.000063
0.000057
0.000016
0.000122
0.000297
0.000032
0.000581
0.000390
0.000221
0.001736
0.005049
0.000036
0.000002
0.000011
0.000017
0.000026
0.000048
0.000052
0.000064
0.000121
0.000157
0.000258
0.000303
0.000562
0.000633
0.000976
0.001334
0.007698
0.019324
0.005959
0.000041
0.000003
0.000008
0.000017
0.000010
0.000011
0.000031
0.000065
0.000024
0.000355
0.000021
0.000737
0.000061
0.000665
0.000449
0.000103
0.000315
0.004386
0.001398
0.025327
0.000047
0.000003
0.000016
0.000009
0.000045
0.000047
0.000021
0.000016
0.000131
0.000047
0.000275
0.000310
0.000127
0.000681
0.000050
0.000245
0.004889
0.013646
0.000535
0.007669
0.016840
0.000054
0.000003
0.000012
0.000027
0.000018
0.000049
0.000033
0.000303
0.000067
0.000384
0.000133
0.000027
0.000278
0.001668
0.000490
0.003873
0.000842
0.005839
0.003764
0.010804
0.002524
0.022186
0.000063
0.000003
0.000024
0.000027
0.000046
0.000050
0.000111
0.000145
0.000667
0.000403
0.000713
0.000804
0.001580
0.001676
0.002744
0.003975
0.005405
0.006131
0.009964
0.027841
0.018024
0.022950
0.032167
0.000070
0.000003
0.000017
0.000014
0.000014
0.000090
0.000018
0.000149
0.000023
0.000056
0.000145
0.001136
0.000035
0.002113
0.000513
0.000280
0.000073
0.006553
0.000211
0.029463
0.000901
0.009094
0.012588
0.041482
0.000079
0.000003
0.000035
0.000045
0.000086
0.000017
0.000117
0.000148
0.000699
0.000418
0.000048
0.000816
0.001699
0.001745
0.002866
0.000127
0.005844
0.016592
0.011159
0.012316
0.000917
0.024205
0.033330
0.306268
0.064090
0.000088
0.000003
0.000024
0.000045
0.000030
0.000090
0.000062
0.000152
0.000144
0.000992
0.000158
0.000827
0.000307
0.000043
0.000530
0.004252
0.000982
0.016846
0.004596
0.012851
0.007690
0.024943
0.025920
0.042179
0.024005
0.085869
0.000106
0.000004
0.000058
0.000021
0.000094
0.000098
0.000041
0.000164
0.000337
0.000034
0.000820
0.000897
0.000327
0.001915
0.003256
0.000796
0.006504
0.007560
0.000111
0.014696
0.023775
0.003764
0.038050
0.179643
0.024371
1.090068
0.118485
0.000114
0.000004
0.000037
0.000080
0.000022
0.000095
0.000066
0.000028
0.000050
0.000443
0.000352
0.000887
0.000154
0.004670
0.000054
0.004444
0.000420
0.007290
0.005005
0.014288
0.001008
0.000396
0.013940
0.115681
0.002470
0.590770
0.041189
0.345307
0.000122
0.000004
0.000084
0.000078
0.000166
0.000174
0.000266
0.000779
0.000340
0.001076
0.000824
0.000901
0.001922
0.004662
0.003156
0.004461
0.015910
0.007368
0.012562
0.014366
0.062705
0.029931
0.101701
0.120267
0.537518
1.364656
0.118909
1.183603
0.593844
0.000139
0.000004
0.000056
0.000031
0.000053
0.000026
0.000030
0.000354
0.000158
0.000112
0.000043
0.000901
0.000086
0.004815
0.003218
0.000064
0.006378
0.018175
0.000255
0.014510
0.000147
0.003896
0.014792
0.124526
0.002461
0.002952
0.119218
0.016242
0.070303
0.739602
0.000152
