0.000001
0.000001
0.000001
0.000001
0.000001
0.000001
0.000001
0.000001
0.000002
0.000001
0.000001
0.000002
0.000002
0.000003
0.000002
0.000001
0.000001
0.000001
0.000002
0.000004
0.000002
0.000001
0.000002
0.000002
0.000003
0.000004
0.000007
0.000003
0.000001
0.000001
0.000003
0.000002
0.000005
0.000006
0.000028
0.000004
0.000002
0.000002
0.000003
0.000006
0.000008
0.000005
0.000017
0.000055
0.000005
0.000002
0.000002
0.000004
0.000004
0.000003
0.000006
0.000020
0.000017
0.000044
0.000006
0.000002
0.000003
0.000005
0.000008
0.000010
0.000017
0.000021
0.000034
0.000108
0.000072
0.000009
0.000002
0.000003
0.000003
0.000004
0.000011
0.000005
0.000024
0.000010
0.000017
0.000041
0.000205
0.000012
0.000001
0.000004
0.000007
0.000013
0.000013
0.000021
0.000025
0.000043
0.000118
0.000180
0.000350
0.000359
0.000015
0.000002
0.000004
0.000007
0.000007
0.000022
0.000014
0.000008
0.000028
0.000145
0.000049
0.000232
0.000088
0.000475
0.000019
0.000002
0.000006
0.000005
0.000015
0.000007
0.000011
0.000112
0.000212
0.000023
0.000019
0.000253
0.000093
0.001122
0.000779
0.000023
0.000002
0.000005
0.000011
0.000007
0.000038
0.000017
0.000058
0.000011
0.000140
0.000056
0.000263
0.000048
0.001161
0.000791
0.001090
0.000026
0.000002
0.000008
0.000011
0.000025
0.000025
0.000048
0.000060
0.000252
0.000321
0.000244
0.000294
0.000502
0.001267
0.000825
0.002871
0.006748
0.000030
0.000002
0.000006
0.000007
0.000011
0.000026
0.000010
0.000061
0.000055
0.000015
0.000119
0.000303
0.000032
0.000575
0.000383
0.000215
0.001740
0.004970
0.000034
0.000002
0.000011
0.000017
0.000026
0.000046
0.000051
0.000063
0.000118
0.000151
0.000252
0.000293
0.000546
0.000639
0.000973
0.001315
0.007556
0.018952
0.005853
0.000041
0.000003
0.000008
0.000017
0.000010
0.000011
0.000031
0.000065
0.000024
0.000351
0.000020
0.000710
0.000059
0.000661
0.000446
0.000103
0.000315
0.004369
0.001389
0.025135
0.000047
0.000003
0.000016
0.000009
0.000045
0.000047
0.000021
0.000015
0.000129
0.000047
0.000271
0.000308
0.000124
0.000669
0.000051
0.000248
0.004855
0.013325
0.000524
0.007421
0.016570
0.000053
0.000003
0.000011
0.000027
0.000019
0.000048
0.000033
0.000298
0.000066
0.000377
0.000132
0.000026
0.000271
0.001677
0.000494
0.003829
0.000839
0.005675
0.003700
0.010797
0.002464
0.021955
0.000061
0.000003
0.000023
0.000026
0.000046
0.000049
0.000109
0.000140
0.000651
0.000386
0.000701
0.000777
0.001569
0.001680
0.002720
0.003937
0.005330
0.006036
0.009986
0.027398
0.017774
0.022455
0.031536
0.000069
0.000003
0.000016
0.000014
0.000014
0.000087
0.000018
0.000146
0.000022
0.000055
0.000142
0.001121
0.000035
0.002073
0.000506
0.000276
0.000073
0.006481
0.000208
0.028998
0.000893
0.008876
0.012606
0.040748
0.000078
0.000003
0.000035
0.000044
0.000084
0.000017
0.000115
0.000146
0.000684
0.000426
0.000047
0.000806
0.001691
0.001732
0.002839
0.000126
0.005733
0.016847
0.011187
0.012177
0.000906
0.023605
0.032853
0.303479
0.063803
0.000088
0.000004
0.000024
0.000044
0.000030
0.000089
0.000062
0.000149
0.000142
0.001003
0.000158
0.000848
0.000303
0.000043
0.000523
0.004262
0.000981
0.016887
0.004517
0.012685
0.007664
0.024905
0.025905
0.041595
0.023263
0.084236
0.000103
0.000004
0.000056
0.000021
0.000091
0.000096
0.000056
0.000161
0.000331
0.000033
0.000796
0.000865
0.000321
0.001955
0.003469
0.000794
0.006970
0.007810
0.000116
0.015248
0.024237
0.003985
0.039392
0.178346
0.023842
1.095124
0.121933
0.000119
0.000004
0.000039
0.000084
0.000023
0.000099
0.000068
0.000029
0.000051
0.000459
0.000371
0.000943
0.000157
0.004847
0.000056
0.004629
0.000456
0.007736
0.005357
0.015081
0.001095
0.000446
0.014750
0.123343
0.002555
0.581108
0.040448
0.337742
0.000121
0.000004
0.000083
0.000078
0.000165
0.000173
0.000247
0.000758
0.000329
0.001056
0.000799
0.000900
0.001919
0.004645
0.003126
0.004418
0.015789
0.007347
0.012432
0.014176
0.072266
0.035027
0.103227
0.119001
0.536205
1.345800
0.117473
1.173783
0.586707
0.000135
0.000004
0.000055
0.000030
0.000051
0.000025
0.000029
0.000342
0.000152
0.000106
0.000041
0.000894
0.000085
0.004750
0.003220
0.000065
0.006352
0.017907
0.000257
0.014375
0.000145
0.003897
0.014454
0.123044
0.002386
0.002914
0.118021
0.016169
0.069384
0.735168
0.000148
