0.000001
0.000001
0.000001
0.000002
0.000002
0.000002
0.000001
0.000001
0.000002
0.000001
0.000001
0.000001
0.000002
0.000003
0.000001
0.000002
0.000001
0.000001
0.000002
0.000004
0.000002
0.000002
0.000002
0.000002
0.000003
0.000004
0.000007
0.000002
0.000001
0.000002
0.000003
0.000002
0.000004
0.000005
0.000030
0.000003
0.000001
0.000002
0.000002
0.000006
0.000009
0.000004
0.000018
0.000055
0.000005
0.000002
0.000003
0.000004
0.000004
0.000003
0.000007
0.000020
0.000018
0.000046
0.000007
0.000002
0.000003
0.000005
0.000008
0.000010
0.000018
0.000021
0.000037
0.000099
0.000074
0.000009
0.000002
0.000004
0.000003
0.000004
0.000012
0.000005
0.000024
0.000010
0.000017
0.000041
0.000210
0.000012
0.000002
0.000004
0.000007
0.000013
0.000012
0.000022
0.000027
0.000044
0.000121
0.000185
0.000360
0.000368
0.000015
0.000002
0.000004
0.000007
0.000007
0.000024
0.000015
0.000008
0.000028
0.000132
0.000049
0.000233
0.000089
0.000476
0.000018
0.000002
0.000006
0.000005
0.000015
0.000007
0.000012
0.000112
0.000210
0.000024
0.000019
0.000253
0.000093
0.001122
0.000757
0.000021
0.000002
0.000005
0.000011
0.000007
0.000024
0.000017
0.000058
0.000011
0.000142
0.000056
0.000264
0.000048
0.001191
0.000824
0.001112
0.000027
0.000002
0.000008
0.000011
0.000025
0.000026
0.000049
0.000061
0.000238
0.000332
0.000237
0.000277
0.000498
0.001292
0.000852
0.002904
0.006768
0.000030
0.000003
0.000006
0.000006
0.000011
0.000026
0.000010
0.000061
0.000055
0.000015
0.000117
0.000283
0.000031
0.000589
0.000383
0.000214
0.001730
0.005029
0.000036
0.000002
0.000011
0.000017
0.000026
0.000047
0.000052
0.000064
0.000120
0.000156
0.000256
0.000300
0.000556
0.000632
0.000974
0.001319
0.007672
0.019224
0.005861
0.000041
0.000003
0.000008
0.000017
0.000010
0.000011
0.000031
0.000065
0.000024
0.000353
0.000020
0.000710
0.000058
0.000663
0.000433
0.000101
0.000307
0.004426
0.001391
0.025033
0.000047
0.000003
0.000015
0.000009
0.000045
0.000047
0.000021
0.000016
0.000130
0.000047
0.000272
0.000307
0.000126
0.000671
0.000050
0.000246
0.004895
0.013882
0.000538
0.007764
0.016955
0.000054
0.000003
0.000011
0.000027
0.000018
0.000048
0.000033
0.000297
0.000066
0.000377
0.000130
0.000026
0.000274
0.001646
0.000500
0.003828
0.000835
0.005777
0.003693
0.010762
0.002463
0.022140
0.000063
0.000003
0.000024
0.000028
0.000047
0.000050
0.000111
0.000144
0.000666
0.000396
0.000696
0.000791
0.001571
0.001668
0.002725
0.003948
0.005314
0.006163
0.009959
0.027913
0.018472
0.023512
0.031851
0.000069
0.000003
0.000016
0.000013
0.000015
0.000087
0.000018
0.000146
0.000023
0.000054
0.000141
0.001104
0.000036
0.002106
0.000504
0.000275
0.000073
0.006501
0.000213
0.029093
0.000889
0.009065
0.012492
0.041737
0.000078
0.000003
0.000035
0.000044
0.000085
0.000017
0.000116
0.000146
0.000683
0.000416
0.000048
0.000802
0.001700
0.001721
0.002846
0.000125
0.005807
0.016302
0.011064
0.012049
0.000903
0.023794
0.032939
0.303978
0.063636
0.000088
0.000003
0.000024
0.000045
0.000030
0.000090
0.000061
0.000151
0.000140
0.000970
0.000173
0.000824
0.000304
0.000043
0.000524
0.004272
0.000960
0.016713
0.004514
0.012874
0.007502
0.024702
0.025811
0.041762
0.024140
0.085079
0.000106
0.000004
0.000058
0.000021
0.000093
0.000097
0.000041
0.000164
0.000340
0.000034
0.000821
0.000891
0.000329
0.001882
0.003332
0.000788
0.006627
0.007688
0.000107
0.014750
0.023745
0.003737
0.038388
0.176208
0.024044
1.090252
0.116552
0.000109
0.000004
0.000036
0.000077
0.000021
0.000091
0.000064
0.000027
0.000047
0.000423
0.000330
0.000885
0.000155
0.004617
0.000054
0.004369
0.000414
0.007216
0.004904
0.013856
0.000997
0.000390
0.013747
0.112059
0.002378
0.578720
0.040565
0.339209
0.000122
0.000004
0.000083
0.000078
0.000165
0.000172
0.000279
0.000773
0.000341
0.001089
0.000796
0.000871
0.001871
0.004635
0.003057
0.004473
0.015750
0.007303
0.012240
0.014213
0.060405
0.028919
0.099050
0.117303
0.531590
1.354901
0.117397
1.173411
0.588364
0.000134
0.000004
0.000054
0.000030
0.000051
0.000025
0.000029
0.000358
0.000157
0.000111
0.000042
0.000882
0.000085
0.004796
0.003179
0.000065
0.006305
0.017992
0.000250
0.014469
0.000145
0.003783
0.014707
0.123163
0.002379
0.002914
0.117975
0.016101
0.069610
0.733267
0.000149
