0.000001
0.000001
0.000001
0.000001
0.000001
0.000001
0.000001
0.000001
0.000002
0.000001
0.000001
0.000001
0.000002
0.000003
0.000001
0.000002
0.000002
0.000001
0.000002
0.000004
0.000002
0.000001
0.000002
0.000002
0.000004
0.000004
0.000007
0.000003
0.000001
0.000002
0.000003
0.000002
0.000004
0.000005
0.000028
0.000004
0.000001
0.000002
0.000002
0.000006
0.000009
0.000004
0.000017
0.000055
0.000005
0.000002
0.000002
0.000004
0.000004
0.000003
0.000007
0.000019
0.000018
0.000044
0.000006
0.000001
0.000004
0.000004
0.000007
0.000010
0.000018
0.000020
0.000035
0.000094
0.000070
0.000009
0.000002
0.000003
0.000004
0.000004
0.000011
0.000005
0.000023
0.000009
0.000016
0.000039
0.000218
0.000012
0.000002
0.000004
0.000006
0.000013
0.000012
0.000022
0.000026
0.000043
0.000119
0.000179
0.000353
0.000357
0.000015
0.000002
0.000004
0.000007
0.000007
0.000022
0.000014
0.000008
0.000027
0.000127
0.000047
0.000244
0.000088
0.000475
0.000018
0.000002
0.000006
0.000005
0.000015
0.000007
0.000012
0.000111
0.000210
0.000023
0.000019
0.000252
0.000093
0.001123
0.000777
0.000022
0.000002
0.000005
0.000011
0.000007
0.000024
0.000017
0.000057
0.000011
0.000141
0.000056
0.000265
0.000048
0.001187
0.000817
0.001089
0.000025
0.000002
0.000008
0.000011
0.000025
0.000025
0.000048
0.000059
0.000232
0.000312
0.000239
0.000277
0.000521
0.001295
0.000848
0.002814
0.006780
0.000030
0.000002
0.000007
0.000007
0.000011
0.000026
0.000010
0.000063
0.000057
0.000015
0.000121
0.000293
0.000031
0.000574
0.000382
0.000216
0.001686
0.005005
0.000036
0.000003
0.000011
0.000017
0.000026
0.000061
0.000051
0.000063
0.000118
0.000152
0.000250
0.000308
0.000557
0.000637
0.000978
0.001286
0.007622
0.019247
0.005990
0.000040
0.000003
0.000008
0.000016
0.000010
0.000011
0.000031
0.000064
0.000024
0.000349
0.000021
0.000708
0.000058
0.000654
0.000434
0.000101
0.000307
0.004373
0.001392
0.024984
0.000047
0.000002
0.000016
0.000009
0.000044
0.000047
0.000020
0.000016
0.000129
0.000047
0.000272
0.000306
0.000124
0.000667
0.000050
0.000246
0.004886
0.013419
0.000522
0.007406
0.016654
0.000054
0.000003
0.000011
0.000027
0.000018
0.000047
0.000032
0.000296
0.000067
0.000377
0.000131
0.000026
0.000272
0.001682
0.000480
0.003817
0.000832
0.005815
0.003748
0.010533
0.002510
0.021942
0.000062
0.000003
0.000022
0.000027
0.000046
0.000050
0.000109
0.000141
0.000649
0.000384
0.000708
0.000775
0.001586
0.001666
0.002774
0.003946
0.005365
0.006015
0.009739
0.027517
0.017787
0.022542
0.031586
0.000069
0.000003
0.000017
0.000013
0.000014
0.000088
0.000018
0.000145
0.000022
0.000055
0.000141
0.001130
0.000034
0.002126
0.000507
0.000278
0.000089
0.006593
0.000213
0.029450
0.000890
0.009011
0.012354
0.040804
0.000078
0.000003
0.000034
0.000044
0.000085
0.000016
0.000113
0.000146
0.000685
0.000416
0.000047
0.000801
0.001684
0.001734
0.002840
0.000126
0.005803
0.016393
0.010917
0.012258
0.000905
0.024137
0.033007
0.304002
0.063701
0.000088
0.000003
0.000024
0.000045
0.000029
0.000090
0.000061
0.000150
0.000142
0.000965
0.000150
0.000802
0.000308
0.000043
0.000525
0.004196
0.000981
0.016816
0.004662
0.012722
0.007506
0.024688
0.025730
0.041826
0.023420
0.083021
0.000103
0.000003
0.000056
0.000021
0.000091
0.000096
0.000041
0.000159
0.000331
0.000034
0.000795
0.000864
0.000318
0.001807
0.003081
0.000768
0.006266
0.007364
0.000110
0.014085
0.022832
0.003588
0.036982
0.177152
0.023786
1.094711
0.115987
0.000112
0.000004
0.000036
0.000079
0.000022
0.000094
0.000065
0.000027
0.000050
0.000435
0.000340
0.000858
0.000149
0.004612
0.000054
0.004415
0.000414
0.007196
0.004928
0.013685
0.001001
0.000399
0.013586
0.111917
0.002384
0.576706
0.040282
0.336952
0.000118
0.000004
0.000081
0.000076
0.000161
0.000168
0.000311
0.000734
0.000343
0.001057
0.000798
0.000885
0.001936
0.004633
0.003130
0.004366
0.015659
0.007230
0.012233
0.014188
0.059979
0.028692
0.099139
0.116530
0.530530
1.340381
0.116922
1.178938
0.587411
0.000136
0.000004
0.000055
0.000031
0.000052
0.000025
0.000029
0.000342
0.000152
0.000122
0.000043
0.000897
0.000083
0.004639
0.003159
0.000063
0.006271
0.017913
0.000252
0.014383
0.000145
0.003792
0.014553
0.122911
0.002379
0.002911
0.117923
0.016098
0.069361
0.731925
0.000148
