0.000003
0.000002
0.000002
0.000003
0.000003
0.000002
0.000002
0.000003
0.000005
0.000003
0.000003
0.000005
0.000005
0.000007
0.000005
0.000003
0.000004
0.000004
0.000006
0.000011
0.000006
0.000003
0.000007
0.000010
0.000012
0.000017
0.000019
0.000010
0.000004
0.000004
0.000012
0.000006
0.000022
0.000013
0.000074
0.000013
0.000005
0.000011
0.000007
0.000031
0.000038
0.000015
0.000051
0.000109
0.000018
0.000005
0.000007
0.000028
0.000011
0.000011
0.000021
0.000077
0.000044
0.000080
0.000024
0.000005
0.000019
0.000030
0.000045
0.000061
0.000068
0.000084
0.000091
0.000234
0.000124
0.000032
0.000005
0.000011
0.000012
0.000011
0.000086
0.000017
0.000128
0.000028
0.000045
0.000079
0.000358
0.000041
0.000006
0.000033
0.000071
0.000121
0.000101
0.000127
0.000133
0.000145
0.000409
0.000416
0.000269
0.000465
0.000052
0.000007
0.000021
0.000075
0.000031
0.000214
0.000059
0.000026
0.000089
0.000483
0.000123
0.000578
0.000142
0.000606
0.000063
0.000021
0.000060
0.000022
0.000162
0.000021
0.000045
0.000995
0.001067
0.000061
0.000054
0.000735
0.000144
0.001723
0.000805
0.000077
0.000008
0.000037
0.000172
0.000018
0.000287
0.000077
0.000543
0.000039
0.000758
0.000188
0.000874
0.000072
0.002141
0.001034
0.001134
0.000092
0.000009
0.000109
0.000182
0.000412
0.000351
0.000454
0.000629
0.001656
0.001932
0.001021
0.001020
0.001104
0.002554
0.001214
0.002717
0.003093
0.000108
0.000009
0.000067
0.000044
0.000081
0.000367
0.000032
0.000678
0.000301
0.000051
0.000438
0.001231
0.000088
0.001447
0.000588
0.000306
0.001660
0.003884
0.000127
0.000010
0.000198
0.000446
0.000482
0.000971
0.000646
0.000854
0.001001
0.001219
0.001329
0.001512
0.001582
0.001756
0.001820
0.001926
0.002786
0.012527
0.002177
0.000162
0.000012
0.000128
0.000437
0.000038
0.000041
0.000235
0.000884
0.000062
0.003232
0.000070
0.003951
0.000111
0.002047
0.000737
0.000176
0.000392
0.002779
0.000873
0.016909
0.000172
0.000011
0.000371
0.000097
0.001294
0.001123
0.000119
0.000052
0.001257
0.000266
0.001959
0.002083
0.000314
0.002368
0.000138
0.000467
0.006353
0.017056
0.000558
0.003417
0.007242
0.000193
0.000012
0.000227
0.001029
0.000229
0.001265
0.000285
0.007388
0.000459
0.004462
0.000709
0.000092
0.000781
0.006477
0.000975
0.007258
0.000996
0.008059
0.003593
0.008457
0.001282
0.009067
0.000229
0.000013
0.000691
0.001059
0.001528
0.001363
0.002206
0.003383
0.010896
0.005045
0.005824
0.006587
0.006887
0.007667
0.008141
0.008445
0.008588
0.009077
0.009611
0.026560
0.009567
0.010415
0.010143
0.000258
0.000014
0.000429
0.000223
0.000094
0.003569
0.000057
0.003633
0.000070
0.000254
0.000805
0.003229
0.000117
0.003774
0.001189
0.000600
0.000184
0.010953
0.000245
0.032906
0.000699
0.005190
0.005358
0.013240
0.000292
0.000015
0.001299
0.002323
0.004002
0.000092
0.002704
0.003898
0.014342
0.006610
0.000154
0.008682
0.009230
0.010379
0.011080
0.000234
0.011917
0.036207
0.013103
0.013761
0.000819
0.014298
0.014717
0.019987
0.014725
0.000329
0.000017
0.000809
0.002495
0.000669
0.004042
0.000914
0.004471
0.001965
0.020590
0.001029
0.010157
0.001206
0.000159
0.001563
0.013894
0.001567
0.043834
0.006493
0.016244
0.006897
0.016984
0.003446
0.018076
0.007583
0.018505
0.000370
0.000017
0.002470
0.000535
0.004416
0.004506
0.000413
0.004466
0.006437
0.000107
0.009922
0.011165
0.001394
0.013591
0.014483
0.001671
0.016153
0.017483
0.000288
0.018188
0.018471
0.002245
0.020044
0.025905
0.008380
0.201861
0.021458
0.000417
0.000018
0.001454
0.005631
0.000282
0.004401
0.001048
0.000104
0.000223
0.009063
0.003884
0.012393
0.000498
0.047552
0.000178
0.017729
0.000804
0.019522
0.008604
0.021093
0.001057
0.000440
0.009467
0.074714
0.001219
0.209773
0.010160
0.028526
0.000461
0.000019
0.004500
0.005931
0.011584
0.012856
0.009322
0.042473
0.007537
0.028552
0.012112
0.014142
0.015797
0.054781
0.019363
0.020544
0.066753
0.022709
0.023627
0.024284
0.077908
0.025774
0.082090
0.083720
0.224010
0.264631
0.028273
0.076013
0.090515
0.000523
0.000021
0.002753
0.001262
0.001910
0.000252
0.000133
0.016273
0.002358
0.001198
0.000139
0.015573
0.000223
0.063256
0.021840
0.000219
0.024794
0.082878
0.000409
0.027627
0.000346
0.003250
0.012744
0.102232
0.001387
0.001686
0.034287
0.003373
0.014067
0.122986
0.000565
