0.000003
0.000003
0.000003
0.000002
0.000004
0.000003
0.000003
0.000003
0.000006
0.000005
0.000003
0.000006
0.000008
0.000010
0.000007
0.000004
0.000004
0.000006
0.000008
0.000016
0.000010
0.000004
0.000009
0.000015
0.000018
0.000026
0.000028
0.000014
0.000005
0.000007
0.000018
0.000009
0.000033
0.000020
0.000110
0.000021
0.000006
0.000016
0.000009
0.000044
0.000056
0.000022
0.000090
0.000166
0.000028
0.000007
0.000011
0.000042
0.000019
0.000017
0.000033
0.000108
0.000068
0.000124
0.000039
0.000007
0.000028
0.000045
0.000069
0.000093
0.000105
0.000128
0.000140
0.000339
0.000177
0.000051
0.000009
0.000018
0.000019
0.000031
0.000131
0.000029
0.000180
0.000043
0.000071
0.000127
0.000458
0.000067
0.000010
0.000050
0.000109
0.000186
0.000154
0.000181
0.000236
0.000240
0.000470
0.000487
0.000327
0.000513
0.000085
0.000012
0.000032
0.000115
0.000050
0.000310
0.000094
0.000043
0.000142
0.000523
0.000177
0.000629
0.000202
0.000676
0.000104
0.000012
0.000091
0.000035
0.000223
0.000036
0.000070
0.001056
0.001153
0.000099
0.000087
0.000834
0.000204
0.001833
0.000884
0.000123
0.000014
0.000058
0.000255
0.000031
0.000396
0.000127
0.000612
0.000064
0.000861
0.000232
0.000968
0.000135
0.002302
0.001098
0.001183
0.000156
0.000015
0.000185
0.000263
0.000465
0.000427
0.000521
0.000728
0.001772
0.001952
0.001144
0.001080
0.001160
0.002676
0.001239
0.002880
0.003147
0.000166
0.000015
0.000107
0.000111
0.000128
0.000455
0.000057
0.000771
0.000364
0.000086
0.000544
0.001314
0.000143
0.001516
0.000658
0.000372
0.001810
0.004014
0.000180
0.000017
0.000290
0.000518
0.000547
0.000999
0.000682
0.000916
0.001064
0.001316
0.001435
0.001550
0.001641
0.001847
0.001990
0.001991
0.002843
0.012623
0.002311
0.000213
0.000019
0.000199
0.000508
0.000064
0.000064
0.000293
0.000940
0.000103
0.003387
0.000111
0.004078
0.000169
0.002163
0.000841
0.000232
0.000457
0.002845
0.000916
0.016866
0.000228
0.000019
0.000464
0.000152
0.001352
0.001209
0.000182
0.000090
0.001377
0.000304
0.002007
0.002165
0.000385
0.002443
0.000198
0.000541
0.006505
0.017172
0.000589
0.003791
0.007150
0.000253
0.000020
0.000326
0.001034
0.000296
0.001374
0.000361
0.007573
0.000529
0.004600
0.000827
0.000143
0.000837
0.006536
0.001081
0.007313
0.001054
0.008053
0.003718
0.008466
0.001287
0.009174
0.000282
0.000022
0.000785
0.001121
0.001593
0.001390
0.002262
0.003435
0.011149
0.005078
0.006105
0.006617
0.006880
0.007807
0.008181
0.008567
0.008800
0.009228
0.009730
0.026535
0.009954
0.010374
0.010286
0.000312
0.000024
0.000522
0.000294
0.000163
0.003725
0.000100
0.003749
0.000111
0.000319
0.000850
0.003348
0.000177
0.003836
0.001235
0.000655
0.000231
0.011246
0.000403
0.033616
0.000768
0.005255
0.005402
0.013536
0.000344
0.000026
0.001452
0.002478
0.004120
0.000149
0.002795
0.004013
0.014255
0.006882
0.000208
0.008721
0.009586
0.010462
0.011467
0.000300
0.012520
0.037401
0.013226
0.014131
0.000861
0.014439
0.015166
0.020162
0.015047
0.000452
0.000028
0.000900
0.002623
0.000748
0.004096
0.000982
0.004611
0.002004
0.020845
0.001141
0.010244
0.001309
0.000218
0.001664
0.014028
0.001719
0.044619
0.006665
0.016193
0.007056
0.017082
0.003506
0.018430
0.007661
0.018639
0.000418
0.000028
0.002606
0.000618
0.004490
0.004545
0.000401
0.004654
0.006463
0.000208
0.010098
0.011462
0.001386
0.013783
0.014708
0.001699
0.016561
0.017581
0.000344
0.018689
0.018672
0.002329
0.020086
0.026611
0.008371
0.205197
0.022071
0.000464
0.000031
0.001644
0.005826
0.000332
0.004579
0.001129
0.000157
0.000273
0.009364
0.004019
0.012763
0.000559
0.048198
0.000244
0.017898
0.000912
0.019803
0.008750
0.021645
0.001165
0.000517
0.009697
0.075758
0.001265
0.213220
0.010332
0.028844
0.000509
0.000032
0.004737
0.006076
0.011650
0.012915
0.009390
0.042847
0.007682
0.028933
0.012284
0.014046
0.016115
0.055531
0.019668
0.020717
0.067248
0.022866
0.023800
0.024613
0.079090
0.026144
0.083611
0.084314
0.226203
0.265710
0.028190
0.076733
0.091656
0.000575
0.000036
0.002900
0.001322
0.002029
0.000326
0.000192
0.016735
0.002463
0.001192
0.000205
0.016087
0.000296
0.063641
0.021970
0.000284
0.025191
0.083655
0.000464
0.028143
0.000418
0.003347
0.012871
0.103610
0.001439
0.001764
0.034763
0.003431
0.014358
0.124734
0.000618
