0.000001
0.000001
0.000001
0.000001
0.000001
0.000001
0.000001
0.000001
0.000002
0.000001
0.000001
0.000002
0.000002
0.000003
0.000001
0.000001
0.000002
0.000002
0.000002
0.000003
0.000002
0.000001
0.000002
0.000002
0.000004
0.000004
0.000007
0.000003
0.000001
0.000002
0.000002
0.000003
0.000004
0.000004
0.000024
0.000004
0.000002
0.000003
0.000002
0.000005
0.000007
0.000004
0.000015
0.000045
0.000006
0.000002
0.000002
0.000003
0.000003
0.000003
0.000005
0.000017
0.000015
0.000036
0.000006
0.000001
0.000003
0.000004
0.000006
0.000009
0.000015
0.000019
0.000028
0.000072
0.000056
0.000009
0.000002
0.000003
0.000003
0.000004
0.000009
0.000005
0.000021
0.000008
0.000013
0.000028
0.000156
0.000012
0.000001
0.000004
0.000006
0.000011
0.000010
0.000017
0.000023
0.000035
0.000106
0.000135
0.000265
0.000264
0.000016
0.000002
0.000004
0.000007
0.000007
0.000018
0.000013
0.000008
0.000022
0.000099
0.000035
0.000178
0.000056
0.000347
0.000021
0.000002
0.000006
0.000005
0.000012
0.000007
0.000010
0.000078
0.000145
0.000019
0.000016
0.000194
0.000059
0.000803
0.000529
0.000025
0.000002
0.000004
0.000010
0.000007
0.000019
0.000015
0.000045
0.000012
0.000108
0.000041
0.000221
0.000032
0.000815
0.000559
0.000719
0.000031
0.000003
0.000007
0.000010
0.000019
0.000021
0.000037
0.000048
0.000162
0.000232
0.000176
0.000220
0.000345
0.000905
0.000560
0.001857
0.004950
0.000035
0.000002
0.000006
0.000007
0.000011
0.000021
0.000011
0.000049
0.000045
0.000015
0.000085
0.000222
0.000026
0.000406
0.000247
0.000122
0.001112
0.003582
0.000042
0.000005
0.000010
0.000014
0.000020
0.000036
0.000053
0.000051
0.000087
0.000118
0.000180
0.000232
0.000387
0.000446
0.000628
0.000793
0.005172
0.014252
0.004004
0.000050
0.000003
0.000008
0.000015
0.000011
0.000012
0.000026
0.000055
0.000022
0.000259
0.000024
0.000540
0.000042
0.000480
0.000261
0.000059
0.000152
0.003096
0.000708
0.017591
0.000055
0.000003
0.000012
0.000009
0.000032
0.000035
0.000018
0.000015
0.000091
0.000038
0.000183
0.000232
0.000077
0.000485
0.000041
0.000134
0.003166
0.009398
0.000225
0.005021
0.010066
0.000060
0.000003
0.000009
0.000020
0.000016
0.000036
0.000027
0.000185
0.000052
0.000278
0.000097
0.000028
0.000175
0.001129
0.000295
0.002433
0.000464
0.003950
0.002084
0.006860
0.001103
0.013043
0.000072
0.000003
0.000018
0.000021
0.000034
0.000038
0.000076
0.000100
0.000410
0.000276
0.000442
0.000527
0.001006
0.001152
0.001836
0.002526
0.003458
0.004114
0.006064
0.018620
0.010360
0.013208
0.018244
0.000080
0.000003
0.000014
0.000013
0.000014
0.000063
0.000017
0.000102
0.000022
0.000044
0.000101
0.000697
0.000037
0.001419
0.000309
0.000150
0.000059
0.004381
0.000101
0.019615
0.000370
0.004565
0.006086
0.023137
0.000091
0.000004
0.000027
0.000033
0.000059
0.000017
0.000078
0.000103
0.000429
0.000284
0.000040
0.000546
0.001054
0.001196
0.001847
0.000079
0.003733
0.011462
0.006782
0.007783
0.000367
0.013619
0.018613
0.268348
0.032836
0.000102
0.000004
0.000019
0.000034
0.000024
0.000065
0.000047
0.000106
0.000104
0.000625
0.000110
0.000561
0.000190
0.000066
0.000317
0.002671
0.000520
0.011688
0.002466
0.008141
0.003846
0.013912
0.014999
0.023297
0.010042
0.042848
0.000120
0.000004
0.000044
0.000018
0.000065
0.000070
0.000034
0.000113
0.000217
0.000048
0.000511
0.000608
0.000205
0.001238
0.001989
0.000424
0.003981
0.004964
0.000085
0.008900
0.012756
0.001515
0.020591
0.136805
0.010214
0.747760
0.058873
0.000170
0.000005
0.000029
0.000066
0.000025
0.000069
0.000051
0.000027
0.000042
0.000300
0.000235
0.000604
0.000101
0.003026
0.000060
0.002990
0.000238
0.005161
0.002949
0.009491
0.000415
0.000166
0.006903
0.075025
0.000689
0.381003
0.016028
0.191516
0.000141
0.000004
0.000062
0.000057
0.000111
0.000119
0.000162
0.000451
0.000216
0.000678
0.000515
0.000619
0.001149
0.002945
0.001992
0.002704
0.010099
0.004806
0.007460
0.008850
0.036510
0.016007
0.060661
0.072518
0.313952
0.887962
0.056192
0.900689
0.308704
0.000156
0.000004
0.000042
0.000025
0.000038
0.000024
0.000028
0.000216
0.000112
0.000086
0.000042
0.000603
0.000065
0.002984
0.002020
0.000067
0.003914
0.012324
0.000132
0.008999
0.000108
0.001561
0.006746
0.075882
0.000708
0.000832
0.056681
0.004808
0.024935
0.383286
0.000173
