0.000003
0.000002
0.000002
0.000002
0.000003
0.000003
0.000002
0.000002
0.000005
0.000003
0.000002
0.000004
0.000005
0.000007
0.000005
0.000003
0.000003
0.000004
0.000005
0.000012
0.000007
0.000003
0.000007
0.000010
0.000012
0.000017
0.000018
0.000009
0.000003
0.000004
0.000012
0.000006
0.000022
0.000012
0.000074
0.000013
0.000004
0.000011
0.000006
0.000030
0.000039
0.000016
0.000052
0.000109
0.000019
0.000004
0.000006
0.000027
0.000012
0.000011
0.000021
0.000071
0.000043
0.000080
0.000024
0.000018
0.000019
0.000031
0.000047
0.000062
0.000070
0.000086
0.000092
0.000225
0.000123
0.000033
0.000006
0.000011
0.000012
0.000012
0.000086
0.000018
0.000117
0.000027
0.000044
0.000079
0.000354
0.000041
0.000007
0.000033
0.000071
0.000120
0.000099
0.000128
0.000145
0.000146
0.000391
0.000402
0.000261
0.000445
0.000053
0.000007
0.000020
0.000076
0.000031
0.000215
0.000059
0.000027
0.000089
0.000461
0.000119
0.000560
0.000141
0.000602
0.000063
0.000008
0.000060
0.000022
0.000158
0.000021
0.000044
0.000965
0.001066
0.000062
0.000054
0.000729
0.000144
0.001778
0.000807
0.000078
0.000008
0.000038
0.000172
0.000018
0.000285
0.000076
0.000525
0.000037
0.000737
0.000165
0.000914
0.000075
0.002197
0.001016
0.001098
0.000092
0.000009
0.000109
0.000183
0.000410
0.000365
0.000465
0.000649
0.001674
0.001912
0.000971
0.001082
0.001113
0.002537
0.001177
0.002778
0.003127
0.000109
0.000010
0.000068
0.000043
0.000081
0.000368
0.000033
0.000737
0.000308
0.000052
0.000448
0.001240
0.000088
0.001455
0.000588
0.000305
0.001660
0.003889
0.000127
0.000010
0.000199
0.000448
0.000495
0.000944
0.000625
0.000833
0.000976
0.001239
0.001330
0.001468
0.001608
0.001789
0.001895
0.001929
0.002725
0.012486
0.002110
0.000148
0.000011
0.000125
0.000426
0.000037
0.000040
0.000230
0.000864
0.000060
0.003199
0.000069
0.003825
0.000111
0.002009
0.000694
0.000171
0.000397
0.002730
0.000829
0.016967
0.000171
0.000012
0.000371
0.000097
0.001273
0.001095
0.000117
0.000051
0.001265
0.000249
0.001905
0.002084
0.000318
0.002420
0.000135
0.000455
0.006231
0.016935
0.000583
0.003347
0.007004
0.000198
0.000012
0.000232
0.001079
0.000233
0.001285
0.000284
0.007384
0.000460
0.004428
0.000709
0.000091
0.000781
0.006500
0.001040
0.006954
0.001042
0.008000
0.003500
0.008330
0.001233
0.008907
0.000229
0.000014
0.000691
0.001045
0.001508
0.001363
0.002205
0.003332
0.010649
0.004984
0.005841
0.006607
0.006961
0.007658
0.008067
0.008347
0.008668
0.009083
0.009572
0.026424
0.009515
0.010249
0.010946
0.000258
0.000015
0.000428
0.000223
0.000094
0.003604
0.000057
0.003589
0.000069
0.000247
0.000796
0.003212
0.000114
0.003686
0.001168
0.000597
0.000178
0.010930
0.000245
0.032858
0.000717
0.005200
0.005368
0.013639
0.000292
0.000015
0.001298
0.002393
0.003907
0.000092
0.002638
0.003926
0.014126
0.006615
0.000155
0.008708
0.009429
0.010377
0.011084
0.000234
0.011977
0.036764
0.012881
0.013696
0.000758
0.014265
0.014560
0.019582
0.014866
0.000330
0.000017
0.000790
0.002436
0.000674
0.003992
0.000898
0.004398
0.001874
0.020627
0.001006
0.010014
0.001207
0.000143
0.001524
0.013546
0.001561
0.043435
0.006594
0.016157
0.006932
0.016590
0.003355
0.018031
0.007462
0.018426
0.000370
0.000017
0.002474
0.000522
0.004323
0.004336
0.000339
0.004563
0.006406
0.000106
0.009936
0.011301
0.001333
0.013830
0.014411
0.001634
0.016071
0.017434
0.000289
0.018242
0.018283
0.002238
0.019949
0.026358
0.008261
0.202751
0.021663
0.000417
0.000019
0.001472
0.005781
0.000258
0.004525
0.001048
0.000105
0.000223
0.009249
0.003887
0.012322
0.000518
0.048027
0.000177
0.017680
0.000835
0.019282
0.008503
0.021196
0.001057
0.000441
0.009497
0.074380
0.001219
0.208755
0.010445
0.028104
0.000449
0.000019
0.004571
0.005811
0.011523
0.012556
0.009048
0.042417
0.007435
0.028715
0.012026
0.013894
0.015744
0.054399
0.019320
0.020535
0.066183
0.022703
0.023408
0.024299
0.078050
0.025843
0.082018
0.083558
0.224679
0.262685
0.028004
0.075643
0.090082
0.000540
0.000021
0.002800
0.001264
0.001997
0.000252
0.000133
0.016729
0.002411
0.001135
0.000132
0.015752
0.000220
0.062670
0.021727
0.000219
0.025173
0.082924
0.000410
0.027858
0.000346
0.003240
0.012856
0.101760
0.001408
0.001696
0.034120
0.003372
0.013988
0.122341
0.000564
