0.000001
0.000002
0.000001
0.000001
0.000001
0.000001
0.000001
0.000001
0.000002
0.000001
0.000001
0.000002
0.000002
0.000003
0.000001
0.000001
0.000002
0.000002
0.000002
0.000003
0.000002
0.000001
0.000002
0.000002
0.000003
0.000004
0.000006
0.000003
0.000002
0.000002
0.000003
0.000002
0.000004
0.000004
0.000024
0.000004
0.000002
0.000003
0.000002
0.000005
0.000007
0.000004
0.000015
0.000045
0.000005
0.000001
0.000002
0.000004
0.000003
0.000003
0.000006
0.000017
0.000015
0.000036
0.000007
0.000002
0.000003
0.000004
0.000006
0.000008
0.000015
0.000018
0.000028
0.000073
0.000055
0.000009
0.000002
0.000003
0.000003
0.000004
0.000010
0.000005
0.000021
0.000008
0.000013
0.000028
0.000157
0.000013
0.000002
0.000004
0.000006
0.000011
0.000010
0.000018
0.000024
0.000036
0.000091
0.000130
0.000278
0.000263
0.000017
0.000002
0.000004
0.000007
0.000007
0.000018
0.000013
0.000008
0.000022
0.000099
0.000036
0.000178
0.000057
0.000347
0.000021
0.000002
0.000006
0.000005
0.000012
0.000007
0.000010
0.000078
0.000146
0.000018
0.000016
0.000192
0.000061
0.000802
0.000535
0.000024
0.000002
0.000004
0.000009
0.000006
0.000019
0.000014
0.000044
0.000011
0.000106
0.000040
0.000202
0.000032
0.000847
0.000546
0.000719
0.000031
0.000003
0.000007
0.000010
0.000019
0.000020
0.000036
0.000047
0.000162
0.000233
0.000175
0.000221
0.000343
0.000904
0.000561
0.001855
0.004915
0.000034
0.000003
0.000006
0.000006
0.000011
0.000021
0.000010
0.000048
0.000045
0.000016
0.000085
0.000222
0.000025
0.000408
0.000235
0.000116
0.001136
0.003542
0.000041
0.000003
0.000010
0.000014
0.000021
0.000035
0.000039
0.000052
0.000092
0.000133
0.000175
0.000223
0.000357
0.000459
0.000647
0.000805
0.005236
0.014229
0.003966
0.000047
0.000003
0.000008
0.000014
0.000010
0.000011
0.000025
0.000052
0.000021
0.000246
0.000022
0.000506
0.000042
0.000454
0.000260
0.000074
0.000161
0.003135
0.000681
0.017447
0.000054
0.000003
0.000013
0.000009
0.000032
0.000035
0.000018
0.000015
0.000092
0.000039
0.000189
0.000239
0.000080
0.000467
0.000040
0.000130
0.003205
0.009372
0.000232
0.004921
0.010133
0.000061
0.000003
0.000010
0.000034
0.000016
0.000037
0.000027
0.000191
0.000054
0.000264
0.000097
0.000028
0.000175
0.001117
0.000295
0.002399
0.000453
0.003942
0.002076
0.006962
0.001105
0.013049
0.000073
0.000003
0.000019
0.000022
0.000036
0.000039
0.000079
0.000102
0.000427
0.000276
0.000443
0.000557
0.000989
0.001186
0.001817
0.002529
0.003425
0.004110
0.006188
0.018601
0.010317
0.013155
0.018370
0.000081
0.000003
0.000013
0.000013
0.000014
0.000062
0.000017
0.000101
0.000023
0.000045
0.000101
0.000695
0.000036
0.001370
0.000329
0.000154
0.000060
0.004466
0.000104
0.019559
0.000377
0.004567
0.005977
0.023060
0.000091
0.000003
0.000027
0.000033
0.000059
0.000017
0.000079
0.000104
0.000426
0.000283
0.000040
0.000546
0.001043
0.001183
0.001854
0.000080
0.003728
0.011383
0.006748
0.007679
0.000351
0.013552
0.018549
0.269128
0.032782
0.000099
0.000004
0.000018
0.000033
0.000024
0.000063
0.000046
0.000103
0.000099
0.000629
0.000113
0.000576
0.000195
0.000046
0.000318
0.002666
0.000521
0.011701
0.002500
0.008090
0.003864
0.013898
0.014994
0.023344
0.009999
0.042970
0.000127
0.000006
0.000069
0.000027
0.000085
0.000071
0.000034
0.000113
0.000219
0.000034
0.000538
0.000752
0.000246
0.001264
0.001986
0.000425
0.003990
0.004958
0.000085
0.009519
0.012655
0.001529
0.020573
0.135704
0.010341
0.752417
0.059456
0.000131
0.000004
0.000030
0.000058
0.000020
0.000072
0.000050
0.000027
0.000043
0.000303
0.000256
0.000618
0.000101
0.003032
0.000062
0.002858
0.000226
0.005074
0.002728
0.009318
0.000399
0.000169
0.006795
0.073848
0.000765
0.378984
0.016046
0.191647
0.000141
0.000004
0.000062
0.000057
0.000111
0.000118
0.000175
0.000462
0.000220
0.000677
0.000512
0.000615
0.001189
0.003022
0.002000
0.002762
0.010143
0.004817
0.007521
0.008960
0.036358
0.015950
0.060654
0.072320
0.314062
0.889031
0.056230
0.901302
0.308250
0.000153
0.000004
0.000041
0.000024
0.000038
0.000023
0.000026
0.000211
0.000127
0.000089
0.000043
0.000619
0.000067
0.002994
0.001963
0.000067
0.004045
0.012543
0.000132
0.009099
0.000108
0.001561
0.006755
0.075847
0.000709
0.000820
0.056511
0.004864
0.024901
0.383053
0.000174
