0.000003
0.000003
0.000002
0.000002
0.000004
0.000003
0.000003
0.000003
0.000006
0.000005
0.000004
0.000006
0.000008
0.000011
0.000007
0.000004
0.000004
0.000005
0.000008
0.000017
0.000010
0.000005
0.000010
0.000016
0.000019
0.000027
0.000028
0.000015
0.000005
0.000006
0.000018
0.000010
0.000034
0.000020
0.000113
0.000020
0.000006
0.000017
0.000010
0.000045
0.000058
0.000023
0.000079
0.000166
0.000029
0.000007
0.000010
0.000042
0.000019
0.000017
0.000034
0.000108
0.000067
0.000125
0.000038
0.000008
0.000028
0.000045
0.000069
0.000094
0.000105
0.000129
0.000141
0.000282
0.000198
0.000053
0.000009
0.000018
0.000019
0.000019
0.000135
0.000030
0.000185
0.000045
0.000074
0.000130
0.000474
0.000067
0.000010
0.000051
0.000109
0.000185
0.000154
0.000183
0.000190
0.000204
0.000644
0.000466
0.000327
0.000515
0.000083
0.000011
0.000031
0.000112
0.000049
0.000317
0.000096
0.000044
0.000142
0.000526
0.000179
0.000653
0.000200
0.000677
0.000102
0.000012
0.000091
0.000034
0.000226
0.000037
0.000070
0.001532
0.001151
0.000099
0.000087
0.000833
0.000221
0.001862
0.000887
0.000126
0.000013
0.000058
0.000253
0.000031
0.000382
0.000123
0.000680
0.000065
0.000858
0.000228
0.000956
0.000119
0.002323
0.001094
0.001187
0.000152
0.000016
0.000171
0.000270
0.000476
0.000415
0.000522
0.000724
0.001775
0.002009
0.001054
0.001103
0.001198
0.002644
0.001238
0.002792
0.003186
0.000163
0.000016
0.000101
0.000068
0.000125
0.000513
0.000056
0.000769
0.000364
0.000086
0.000539
0.001315
0.000143
0.001514
0.000664
0.000369
0.001764
0.003951
0.000215
0.000017
0.000293
0.000515
0.000547
0.000999
0.000681
0.000949
0.001043
0.001245
0.001391
0.001553
0.001662
0.001857
0.001922
0.002050
0.002811
0.012679
0.002219
0.000229
0.000020
0.000203
0.000521
0.000065
0.000068
0.000299
0.000969
0.000104
0.003350
0.000116
0.004032
0.000228
0.002176
0.000779
0.000235
0.000458
0.002843
0.000971
0.017101
0.000223
0.000020
0.000474
0.000152
0.001330
0.001166
0.000179
0.000083
0.001331
0.000320
0.002009
0.002179
0.000377
0.002477
0.000197
0.000527
0.006392
0.017205
0.000612
0.003492
0.007157
0.000300
0.000022
0.000325
0.001057
0.000296
0.001384
0.000345
0.007484
0.000516
0.004604
0.000798
0.000138
0.000818
0.006680
0.001076
0.007158
0.001112
0.008206
0.003620
0.008446
0.001322
0.009159
0.000302
0.000023
0.000871
0.001133
0.001582
0.001412
0.002320
0.003462
0.011011
0.005225
0.005955
0.006671
0.006957
0.007794
0.008092
0.008713
0.008603
0.009185
0.009816
0.026694
0.009876
0.010536
0.010496
0.000310
0.000025
0.000521
0.000295
0.000156
0.003729
0.000114
0.003751
0.000110
0.000317
0.000850
0.003348
0.000180
0.003832
0.001285
0.000683
0.000243
0.011139
0.000300
0.033342
0.000778
0.005258
0.005434
0.013693
0.000500
0.000028
0.001454
0.002490
0.004037
0.000149
0.002779
0.004018
0.014338
0.006776
0.000214
0.008795
0.009598
0.010599
0.011310
0.000291
0.012176
0.037074
0.013202
0.014175
0.000806
0.014319
0.014815
0.020038
0.014980
0.000378
0.000027
0.000926
0.002595
0.000749
0.004202
0.001017
0.004538
0.002010
0.020895
0.001191
0.010146
0.001332
0.000208
0.001664
0.013861
0.001667
0.044273
0.006684
0.016339
0.007006
0.017150
0.003506
0.018440
0.007509
0.018630
0.000418
0.000029
0.002601
0.000596
0.004447
0.004451
0.000411
0.004770
0.006490
0.000211
0.010090
0.011462
0.001455
0.013860
0.014754
0.001736
0.016433
0.017654
0.000356
0.018572
0.018708
0.002344
0.020115
0.026462
0.008297
0.204413
0.021749
0.000468
0.000030
0.001584
0.005830
0.000332
0.004669
0.001151
0.000159
0.000278
0.009339
0.004144
0.012536
0.000558
0.048153
0.000238
0.017894
0.000908
0.019857
0.008861
0.021492
0.001138
0.000527
0.009851
0.075790
0.001305
0.212249
0.010444
0.028567
0.000562
0.000033
0.004804
0.005942
0.011821
0.012617
0.009428
0.042714
0.007641
0.028826
0.012379
0.014097
0.015982
0.055160
0.019537
0.020790
0.067077
0.022836
0.023635
0.024429
0.078718
0.025963
0.083187
0.084784
0.225672
0.265509
0.028271
0.076886
0.091237
0.000573
0.000035
0.002851
0.001324
0.002023
0.000315
0.000192
0.016548
0.002551
0.001222
0.000196
0.015996
0.000276
0.063352
0.021975
0.000271
0.025295
0.083719
0.000510
0.028218
0.000397
0.003402
0.012900
0.103845
0.001475
0.001776
0.033508
0.003284
0.013608
0.121938
0.000613
