0.000003
0.000002
0.000003
0.000002
0.000003
0.000003
0.000003
0.000002
0.000004
0.000003
0.000002
0.000004
0.000005
0.000007
0.000005
0.000003
0.000003
0.000004
0.000005
0.000011
0.000007
0.000003
0.000007
0.000010
0.000012
0.000017
0.000019
0.000009
0.000003
0.000004
0.000012
0.000007
0.000022
0.000013
0.000074
0.000013
0.000004
0.000011
0.000007
0.000031
0.000039
0.000015
0.000057
0.000109
0.000018
0.000004
0.000006
0.000028
0.000012
0.000011
0.000021
0.000071
0.000043
0.000081
0.000024
0.000005
0.000019
0.000031
0.000045
0.000060
0.000068
0.000083
0.000090
0.000219
0.000120
0.000031
0.000005
0.000011
0.000012
0.000011
0.000084
0.000016
0.000114
0.000026
0.000057
0.000079
0.000355
0.000040
0.000006
0.000034
0.000071
0.000121
0.000099
0.000127
0.000135
0.000155
0.000442
0.000439
0.000263
0.000445
0.000053
0.000007
0.000020
0.000075
0.000031
0.000215
0.000060
0.000027
0.000089
0.000461
0.000120
0.000555
0.000142
0.000628
0.000065
0.000007
0.000061
0.000023
0.000162
0.000022
0.000045
0.000991
0.001084
0.000061
0.000054
0.000733
0.000144
0.001725
0.000805
0.000077
0.000008
0.000037
0.000172
0.000018
0.000285
0.000079
0.000525
0.000038
0.000738
0.000168
0.000874
0.000072
0.002141
0.001015
0.001102
0.000092
0.000009
0.000109
0.000182
0.000410
0.000350
0.000454
0.000629
0.001634
0.001897
0.000974
0.001021
0.001103
0.002544
0.001176
0.002712
0.003092
0.000105
0.000009
0.000066
0.000043
0.000080
0.000423
0.000032
0.000677
0.000305
0.000051
0.000443
0.001232
0.000086
0.001436
0.000595
0.000312
0.001671
0.003896
0.000182
0.000009
0.000194
0.000391
0.000549
0.000920
0.000610
0.000813
0.000951
0.001189
0.001316
0.001448
0.001579
0.001755
0.001815
0.001927
0.002727
0.012831
0.002228
0.000148
0.000011
0.000125
0.000426
0.000036
0.000040
0.000229
0.000862
0.000061
0.003148
0.000068
0.003928
0.000109
0.002077
0.000692
0.000172
0.000382
0.002741
0.000827
0.016882
0.000168
0.000011
0.000410
0.000096
0.001275
0.001123
0.000117
0.000051
0.001227
0.000263
0.001899
0.002068
0.000306
0.002311
0.000135
0.000489
0.006157
0.017262
0.000570
0.003369
0.006955
0.000196
0.000013
0.000232
0.000964
0.000228
0.001279
0.000285
0.007236
0.000459
0.004381
0.000690
0.000089
0.000763
0.006389
0.000976
0.007003
0.000995
0.007841
0.003521
0.008444
0.001233
0.009014
0.000223
0.000013
0.000752
0.001017
0.001482
0.001319
0.002150
0.003219
0.010766
0.004951
0.005875
0.006512
0.007010
0.007546
0.008111
0.008277
0.008582
0.009081
0.009481
0.026063
0.009539
0.010175
0.010140
0.000252
0.000014
0.000445
0.000227
0.000096
0.003563
0.000057
0.003597
0.000086
0.000262
0.000819
0.003206
0.000114
0.003735
0.001144
0.000582
0.000177
0.010841
0.000244
0.033109
0.000699
0.005195
0.005294
0.013286
0.000285
0.000015
0.001303
0.002373
0.003876
0.000092
0.002600
0.003879
0.014121
0.006501
0.000168
0.008496
0.009402
0.010358
0.011060
0.000523
0.018450
0.036249
0.012949
0.013726
0.000755
0.013982
0.014540
0.019693
0.014891
0.000322
0.000016
0.000772
0.002474
0.000653
0.003990
0.000899
0.004315
0.001855
0.020403
0.001027
0.009982
0.001209
0.000144
0.001524
0.013745
0.001586
0.044370
0.006517
0.016126
0.006797
0.016703
0.003406
0.018079
0.007450
0.018391
0.000372
0.000018
0.002441
0.000535
0.004346
0.004366
0.000340
0.004624
0.006480
0.000110
0.010133
0.011109
0.001334
0.013597
0.014416
0.001611
0.016055
0.017348
0.000289
0.018640
0.018281
0.002239
0.020024
0.025974
0.008142
0.200708
0.021544
0.000406
0.000018
0.001472
0.005618
0.000263
0.004396
0.001041
0.000104
0.000223
0.009132
0.003892
0.012500
0.000499
0.047745
0.000179
0.017840
0.000804
0.019551
0.008491
0.021201
0.001092
0.000430
0.009438
0.074095
0.001313
0.208190
0.010228
0.028171
0.000450
0.000020
0.004656
0.005805
0.011416
0.012573
0.009088
0.042354
0.007435
0.028568
0.012035
0.013881
0.015775
0.055019
0.019203
0.020630
0.066195
0.022290
0.023268
0.024091
0.077224
0.025733
0.082846
0.083284
0.222175
0.263672
0.027927
0.076145
0.089573
0.000511
0.000021
0.002759
0.001257
0.001864
0.000245
0.000130
0.016376
0.002360
0.001131
0.000146
0.015616
0.000222
0.062779
0.021407
0.000219
0.024655
0.082377
0.000409
0.027546
0.000346
0.003240
0.012609
0.103050
0.001482
0.001711
0.033874
0.003291
0.013897
0.122041
0.000565
