0.000003
0.000002
0.000002
0.000002
0.000003
0.000003
0.000002
0.000003
0.000005
0.000004
0.000002
0.000005
0.000006
0.000007
0.000005
0.000003
0.000003
0.000004
0.000006
0.000012
0.000007
0.000003
0.000007
0.000011
0.000013
0.000019
0.000021
0.000010
0.000004
0.000004
0.000013
0.000007
0.000024
0.000014
0.000082
0.000015
0.000005
0.000012
0.000007
0.000033
0.000041
0.000016
0.000057
0.000120
0.000020
0.000005
0.000007
0.000030
0.000013
0.000012
0.000023
0.000078
0.000047
0.000088
0.000026
0.000006
0.000020
0.000033
0.000050
0.000071
0.000076
0.000091
0.000099
0.000233
0.000131
0.000035
0.000006
0.000012
0.000013
0.000012
0.000093
0.000019
0.000128
0.000029
0.000051
0.000088
0.000376
0.000045
0.000007
0.000036
0.000077
0.000131
0.000111
0.000136
0.000145
0.000159
0.000416
0.000421
0.000280
0.000464
0.000058
0.000008
0.000023
0.000082
0.000034
0.000233
0.000065
0.000029
0.000098
0.000478
0.000134
0.000587
0.000156
0.000635
0.000070
0.000009
0.000065
0.000024
0.000171
0.000024
0.000049
0.000994
0.001084
0.000068
0.000059
0.000753
0.000155
0.001766
0.000826
0.000085
0.000009
0.000041
0.000185
0.000020
0.000302
0.000087
0.000545
0.000042
0.000767
0.000192
0.000899
0.000080
0.002195
0.001035
0.001130
0.000113
0.000010
0.000121
0.000205
0.000436
0.000375
0.000485
0.000650
0.001680
0.001938
0.000998
0.001052
0.001122
0.002593
0.001193
0.002752
0.003120
0.000132
0.000010
0.000074
0.000050
0.000089
0.000395
0.000036
0.000715
0.000333
0.000057
0.000471
0.001249
0.000101
0.001450
0.000605
0.000317
0.001683
0.003904
0.000146
0.000011
0.000215
0.000439
0.000516
0.000961
0.000641
0.000853
0.000997
0.001217
0.001347
0.001494
0.001596
0.001791
0.001855
0.001949
0.002750
0.012495
0.002197
0.000160
0.000012
0.000141
0.000440
0.000041
0.000046
0.000242
0.000893
0.000068
0.003239
0.000076
0.003960
0.000121
0.002086
0.000721
0.000190
0.000399
0.002764
0.000865
0.016952
0.000183
0.000013
0.000398
0.000107
0.001322
0.001141
0.000129
0.000057
0.001282
0.000264
0.001937
0.002092
0.000324
0.002384
0.000147
0.000477
0.006314
0.017050
0.000566
0.003402
0.007088
0.000208
0.000014
0.000253
0.001015
0.000243
0.001296
0.000295
0.007429
0.000472
0.004468
0.000718
0.000098
0.000791
0.006498
0.001012
0.007131
0.001014
0.008037
0.003562
0.008422
0.001253
0.009117
0.000236
0.000015
0.000715
0.001059
0.001521
0.001354
0.002213
0.003328
0.010881
0.004992
0.005873
0.006546
0.006908
0.007657
0.008058
0.008440
0.008631
0.009110
0.009645
0.026371
0.009655
0.010345
0.010194
0.000265
0.000016
0.000462
0.000233
0.000105
0.003609
0.000065
0.003667
0.000079
0.000260
0.000810
0.003257
0.000134
0.003781
0.001192
0.000602
0.000187
0.011030
0.000259
0.033016
0.000711
0.005194
0.005350
0.013491
0.000301
0.000017
0.001332
0.002384
0.003981
0.000102
0.002665
0.003924
0.014169
0.006664
0.000166
0.008643
0.009464
0.010410
0.011148
0.000263
0.012122
0.036842
0.013140
0.013954
0.000791
0.014289
0.014817
0.020030
0.014921
0.000354
0.000021
0.000841
0.002546
0.000703
0.004090
0.000943
0.004488
0.001941
0.020708
0.001069
0.010133
0.001246
0.000167
0.001580
0.013790
0.001604
0.044061
0.006576
0.016154
0.006928
0.016812
0.003413
0.018164
0.007510
0.018493
0.000386
0.000021
0.002511
0.000562
0.004404
0.004433
0.000380
0.004618
0.006444
0.000129
0.010015
0.011285
0.001384
0.013678
0.014537
0.001654
0.016203
0.017447
0.000307
0.018397
0.018498
0.002291
0.020040
0.026158
0.008296
0.203551
0.021711
0.000439
0.000023
0.001543
0.005763
0.000289
0.004514
0.001088
0.000130
0.000250
0.009274
0.003954
0.012547
0.000529
0.047939
0.000200
0.017839
0.000848
0.019649
0.008645
0.021386
0.001098
0.000470
0.009676
0.075049
0.001263
0.210544
0.010301
0.028360
0.000481
0.000024
0.004663
0.005940
0.011611
0.012710
0.009295
0.042563
0.007507
0.028629
0.012189
0.013978
0.015796
0.054846
0.019369
0.020617
0.066511
0.022697
0.023572
0.024322
0.078050
0.025879
0.082578
0.083842
0.224815
0.264087
0.028126
0.076221
0.090629
0.000549
0.000026
0.002791
0.001283
0.001949
0.000275
0.000151
0.016539
0.002412
0.001177
0.000157
0.015818
0.000240
0.063059
0.021775
0.000238
0.024958
0.083044
0.000433
0.027839
0.000367
0.003294
0.012805
0.102691
0.001428
0.001712
0.034223
0.003373
0.014101
0.122555
0.000583
