0.000006
0.000002
0.000001
0.000002
0.000001
0.000001
0.000001
0.000002
0.000002
0.000002
0.000002
0.000002
0.000002
0.000003
0.000002
0.000001
0.000001
0.000001
0.000002
0.000004
0.000002
0.000001
0.000001
0.000002
0.000003
0.000004
0.000006
0.000003
0.000002
0.000002
0.000003
0.000003
0.000005
0.000005
0.000025
0.000004
0.000002
0.000002
0.000002
0.000005
0.000007
0.000003
0.000015
0.000044
0.000005
0.000001
0.000002
0.000003
0.000003
0.000003
0.000006
0.000016
0.000014
0.000036
0.000007
0.000002
0.000003
0.000004
0.000007
0.000008
0.000015
0.000019
0.000028
0.000073
0.000055
0.000009
0.000002
0.000003
0.000003
0.000003
0.000010
0.000005
0.000021
0.000008
0.000013
0.000028
0.000157
0.000012
0.000002
0.000004
0.000006
0.000010
0.000011
0.000018
0.000023
0.000034
0.000091
0.000130
0.000259
0.000256
0.000017
0.000002
0.000003
0.000007
0.000007
0.000017
0.000012
0.000008
0.000022
0.000096
0.000034
0.000172
0.000055
0.000338
0.000020
0.000002
0.000005
0.000005
0.000012
0.000007
0.000023
0.000079
0.000145
0.000019
0.000016
0.000193
0.000059
0.000806
0.000516
0.000024
0.000003
0.000005
0.000009
0.000007
0.000019
0.000014
0.000044
0.000011
0.000105
0.000040
0.000201
0.000032
0.000818
0.000532
0.000728
0.000030
0.000002
0.000007
0.000010
0.000020
0.000021
0.000037
0.000047
0.000161
0.000241
0.000170
0.000215
0.000334
0.000882
0.000546
0.001878
0.004872
0.000035
0.000003
0.000006
0.000007
0.000010
0.000020
0.000010
0.000047
0.000045
0.000016
0.000085
0.000223
0.000027
0.000409
0.000235
0.000116
0.001082
0.003513
0.000041
0.000003
0.000009
0.000014
0.000020
0.000034
0.000039
0.000052
0.000087
0.000116
0.000180
0.000230
0.000370
0.000435
0.000634
0.000792
0.005361
0.014353
0.004030
0.000047
0.000003
0.000008
0.000014
0.000009
0.000011
0.000024
0.000052
0.000020
0.000247
0.000022
0.000504
0.000042
0.000453
0.000261
0.000059
0.000152
0.003092
0.000684
0.017557
0.000055
0.000003
0.000013
0.000009
0.000033
0.000036
0.000018
0.000015
0.000093
0.000040
0.000189
0.000239
0.000079
0.000466
0.000040
0.000130
0.003134
0.009426
0.000231
0.004921
0.010065
0.000063
0.000003
0.000010
0.000021
0.000016
0.000037
0.000027
0.000191
0.000055
0.000267
0.000097
0.000029
0.000174
0.001102
0.000298
0.002426
0.000444
0.003944
0.002082
0.006901
0.001104
0.013596
0.000076
0.000003
0.000020
0.000022
0.000036
0.000040
0.000080
0.000105
0.000436
0.000288
0.000484
0.000600
0.001021
0.001171
0.001835
0.002549
0.003527
0.004218
0.006215
0.020251
0.011175
0.014079
0.019333
0.000083
0.000003
0.000014
0.000012
0.000014
0.000065
0.000018
0.000103
0.000023
0.000047
0.000105
0.000716
0.000037
0.001410
0.000309
0.000150
0.000058
0.004446
0.000107
0.019821
0.000345
0.004652
0.006062
0.023341
0.000091
0.000004
0.000027
0.000033
0.000058
0.000017
0.000079
0.000103
0.000431
0.000284
0.000040
0.000588
0.001072
0.001213
0.001886
0.000081
0.003753
0.011660
0.006744
0.007838
0.000350
0.013640
0.018869
0.276275
0.036813
0.000106
0.000004
0.000020
0.000036
0.000025
0.000067
0.000048
0.000108
0.000108
0.000678
0.000118
0.000607
0.000203
0.000049
0.000335
0.002857
0.000580
0.012621
0.002767
0.008646
0.004137
0.015339
0.016237
0.024920
0.010432
0.041649
0.000115
0.000003
0.000042
0.000017
0.000060
0.000065
0.000032
0.000107
0.000226
0.000034
0.000511
0.000609
0.000203
0.001236
0.001960
0.000413
0.003925
0.004870
0.000083
0.008653
0.012072
0.001523
0.019493
0.128690
0.010152
0.761530
0.059128
0.000132
0.000005
0.000029
0.000062
0.000020
0.000070
0.000051
0.000028
0.000043
0.000301
0.000240
0.000642
0.000107
0.003041
0.000058
0.002784
0.000229
0.005094
0.002770
0.009290
0.000406
0.000171
0.006772
0.074175
0.000730
0.368173
0.016133
0.192391
0.000142
0.000004
0.000063
0.000057
0.000110
0.000118
0.000161
0.000450
0.000230
0.000701
0.000535
0.000615
0.001206
0.002942
0.002011
0.002686
0.010150
0.004959
0.007436
0.009009
0.036898
0.016106
0.061148
0.073380
0.316129
0.892189
0.056288
0.906086
0.309803
0.000156
0.000004
0.000042
0.000025
0.000039
0.000025
0.000028
0.000215
0.000114
0.000085
0.000042
0.000602
0.000065
0.003013
0.002018
0.000071
0.004023
0.012432
0.000132
0.009002
0.000109
0.001561
0.006811
0.075924
0.000727
0.000828
0.056774
0.004811
0.025205
0.401156
0.000172
