0.000003
0.000002
0.000002
0.000002
0.000003
0.000003
0.000002
0.000002
0.000004
0.000004
0.000002
0.000004
0.000006
0.000007
0.000004
0.000002
0.000003
0.000004
0.000006
0.000011
0.000006
0.000003
0.000007
0.000011
0.000012
0.000017
0.000019
0.000010
0.000004
0.000004
0.000011
0.000006
0.000023
0.000012
0.000074
0.000013
0.000004
0.000011
0.000007
0.000031
0.000039
0.000015
0.000052
0.000108
0.000019
0.000004
0.000006
0.000028
0.000012
0.000011
0.000021
0.000070
0.000043
0.000080
0.000024
0.000005
0.000018
0.000030
0.000046
0.000061
0.000069
0.000083
0.000090
0.000220
0.000121
0.000032
0.000006
0.000011
0.000012
0.000011
0.000084
0.000017
0.000115
0.000026
0.000044
0.000090
0.000355
0.000041
0.000007
0.000033
0.000071
0.000120
0.000114
0.000128
0.000135
0.000145
0.000390
0.000402
0.000262
0.000450
0.000052
0.000007
0.000021
0.000075
0.000031
0.000224
0.000060
0.000027
0.000089
0.000468
0.000120
0.000564
0.000142
0.000610
0.000063
0.000008
0.000059
0.000021
0.000157
0.000020
0.000044
0.000968
0.001069
0.000061
0.000053
0.000756
0.000148
0.001771
0.000804
0.000077
0.000008
0.000037
0.000171
0.000018
0.000286
0.000090
0.000538
0.000039
0.000768
0.000166
0.000875
0.000072
0.002170
0.001036
0.001097
0.000092
0.000009
0.000109
0.000182
0.000410
0.000350
0.000483
0.000644
0.001668
0.001948
0.000972
0.001022
0.001101
0.002539
0.001176
0.002734
0.003112
0.000110
0.000009
0.000069
0.000044
0.000083
0.000389
0.000033
0.000674
0.000363
0.000052
0.000448
0.001261
0.000107
0.001425
0.000589
0.000306
0.001661
0.003927
0.000129
0.000010
0.000204
0.000410
0.000494
0.000962
0.000641
0.000849
0.000975
0.001189
0.001347
0.001489
0.001581
0.001808
0.001816
0.001919
0.002756
0.012292
0.002209
0.000149
0.000011
0.000125
0.000426
0.000037
0.000054
0.000237
0.000884
0.000062
0.003280
0.000070
0.003941
0.000111
0.002060
0.000692
0.000172
0.000382
0.002769
0.000856
0.017647
0.000184
0.000013
0.000390
0.000102
0.001339
0.001152
0.000120
0.000052
0.001267
0.000250
0.001949
0.002085
0.000314
0.002367
0.000138
0.000466
0.006330
0.016865
0.000563
0.003396
0.007034
0.000198
0.000012
0.000232
0.000986
0.000239
0.001307
0.000285
0.007479
0.000460
0.004481
0.000713
0.000087
0.000811
0.006511
0.001020
0.007119
0.001000
0.008147
0.003514
0.008245
0.001233
0.009237
0.000224
0.000013
0.000675
0.001066
0.001490
0.001333
0.002207
0.003297
0.010971
0.004950
0.005793
0.006442
0.006800
0.007495
0.007876
0.008319
0.008611
0.009027
0.009567
0.026428
0.009739
0.010435
0.010197
0.000252
0.000014
0.000526
0.000222
0.000094
0.003584
0.000058
0.003649
0.000069
0.000247
0.000777
0.003258
0.000117
0.003840
0.001194
0.000582
0.000174
0.011020
0.000245
0.032889
0.000699
0.005147
0.005367
0.013465
0.000292
0.000015
0.001327
0.002382
0.004013
0.000093
0.002603
0.003830
0.014114
0.006712
0.000158
0.008745
0.009390
0.010378
0.011062
0.000229
0.012060
0.036908
0.012838
0.013787
0.000754
0.014165
0.014716
0.020511
0.014710
0.000329
0.000017
0.000790
0.002484
0.000652
0.003989
0.000896
0.004319
0.001878
0.020486
0.001029
0.010147
0.001205
0.000144
0.001524
0.013573
0.001563
0.043940
0.006511
0.016074
0.006929
0.016645
0.003354
0.018212
0.007452
0.018398
0.000370
0.000017
0.002420
0.000522
0.004325
0.004317
0.000354
0.004470
0.006282
0.000108
0.009976
0.011208
0.001396
0.013617
0.014632
0.001663
0.016059
0.017104
0.000290
0.018148
0.018555
0.002317
0.020055
0.025841
0.008255
0.201900
0.021488
0.000416
0.000018
0.001490
0.005638
0.000265
0.004392
0.001040
0.000105
0.000223
0.009024
0.003934
0.012405
0.000500
0.047521
0.000182
0.017759
0.000805
0.019463
0.008493
0.021577
0.001057
0.000441
0.009719
0.075097
0.001251
0.210698
0.010148
0.028206
0.000461
0.000019
0.004603
0.005848
0.011478
0.012520
0.009325
0.042246
0.007435
0.028264
0.012228
0.013850
0.015598
0.054583
0.019192
0.020488
0.065869
0.022577
0.023472
0.024268
0.077391
0.025874
0.082376
0.083760
0.226837
0.263072
0.028093
0.076159
0.090518
0.000512
0.000021
0.002696
0.001266
0.001910
0.000252
0.000132
0.016472
0.002359
0.001132
0.000132
0.015924
0.000222
0.062756
0.021664
0.000219
0.024767
0.083063
0.000442
0.027902
0.000338
0.003329
0.012804
0.102544
0.001388
0.001690
0.034368
0.003454
0.014285
0.122137
0.000565
