0.000003
0.000002
0.000002
0.000002
0.000003
0.000002
0.000002
0.000003
0.000004
0.000003
0.000002
0.000004
0.000005
0.000007
0.000005
0.000003
0.000004
0.000004
0.000005
0.000011
0.000006
0.000004
0.000006
0.000010
0.000012
0.000017
0.000019
0.000009
0.000004
0.000004
0.000012
0.000007
0.000021
0.000012
0.000086
0.000013
0.000004
0.000011
0.000007
0.000031
0.000038
0.000014
0.000051
0.000115
0.000018
0.000005
0.000007
0.000028
0.000012
0.000010
0.000021
0.000071
0.000043
0.000080
0.000024
0.000005
0.000018
0.000030
0.000045
0.000060
0.000068
0.000083
0.000090
0.000219
0.000120
0.000032
0.000006
0.000011
0.000011
0.000011
0.000084
0.000017
0.000114
0.000026
0.000043
0.000077
0.000348
0.000041
0.000006
0.000033
0.000069
0.000118
0.000098
0.000124
0.000131
0.000157
0.000390
0.000403
0.000279
0.000446
0.000052
0.000007
0.000021
0.000075
0.000031
0.000214
0.000059
0.000026
0.000089
0.000460
0.000119
0.000555
0.000142
0.000607
0.000064
0.000007
0.000059
0.000022
0.000158
0.000021
0.000043
0.000964
0.001067
0.000060
0.000052
0.000716
0.000140
0.001735
0.000785
0.000075
0.000008
0.000036
0.000168
0.000017
0.000277
0.000075
0.000533
0.000038
0.000738
0.000165
0.000874
0.000072
0.002141
0.001014
0.001133
0.000090
0.000009
0.000106
0.000179
0.000431
0.000351
0.000453
0.000629
0.001635
0.001896
0.000973
0.001021
0.001104
0.002512
0.001178
0.002697
0.003128
0.000136
0.000009
0.000068
0.000043
0.000081
0.000367
0.000032
0.000674
0.000301
0.000051
0.000438
0.001214
0.000086
0.001415
0.000573
0.000298
0.001667
0.003879
0.000124
0.000010
0.000194
0.000452
0.000482
0.000919
0.000611
0.000814
0.000988
0.001187
0.001330
0.001459
0.001583
0.001756
0.001827
0.001879
0.002657
0.012312
0.002132
0.000148
0.000011
0.000124
0.000427
0.000037
0.000040
0.000228
0.000876
0.000062
0.003190
0.000068
0.003883
0.000108
0.002057
0.000693
0.000172
0.000383
0.002728
0.000827
0.016339
0.000167
0.000011
0.000362
0.000095
0.001283
0.001121
0.000120
0.000052
0.001245
0.000244
0.001855
0.002034
0.000306
0.002355
0.000136
0.000455
0.006219
0.016862
0.000521
0.003326
0.006993
0.000188
0.000012
0.000254
0.000966
0.000222
0.001252
0.000286
0.007329
0.000461
0.004330
0.000677
0.000087
0.000772
0.006392
0.001024
0.007059
0.000974
0.008016
0.003463
0.008429
0.001203
0.009154
0.000223
0.000013
0.000681
0.001010
0.001491
0.001319
0.002191
0.003253
0.010759
0.004905
0.005807
0.006433
0.006831
0.007545
0.007945
0.008495
0.008284
0.009048
0.009560
0.025912
0.009496
0.010248
0.009856
0.000251
0.000014
0.000417
0.000217
0.000092
0.003565
0.000059
0.003626
0.000068
0.000247
0.000776
0.003205
0.000114
0.003684
0.001145
0.000582
0.000174
0.011032
0.000239
0.032535
0.000700
0.005137
0.005310
0.013494
0.000293
0.000015
0.001334
0.002355
0.003951
0.000092
0.002602
0.003966
0.014069
0.006659
0.000154
0.008468
0.009394
0.010225
0.011082
0.000224
0.011696
0.036370
0.013163
0.013983
0.000754
0.013863
0.014772
0.019880
0.014688
0.000335
0.000017
0.000803
0.002496
0.000668
0.004060
0.000898
0.004410
0.001855
0.020673
0.001030
0.009903
0.001206
0.000147
0.001551
0.013575
0.001547
0.043188
0.006453
0.015694
0.006761
0.016507
0.003373
0.017766
0.007490
0.018214
0.000371
0.000017
0.002473
0.000576
0.004401
0.004414
0.000332
0.004610
0.006185
0.000104
0.009889
0.011052
0.001365
0.013435
0.014344
0.001619
0.016016
0.017196
0.000275
0.018224
0.018300
0.002271
0.019570
0.025840
0.008212
0.202955
0.021473
0.000407
0.000018
0.001463
0.005651
0.000257
0.004436
0.001022
0.000102
0.000218
0.009154
0.003839
0.012324
0.000486
0.046942
0.000179
0.017499
0.000785
0.019288
0.008539
0.020985
0.001085
0.000451
0.009473
0.074084
0.001190
0.208175
0.010174
0.027924
0.000460
0.000019
0.004502
0.005858
0.011494
0.012693
0.009166
0.041988
0.007390
0.028071
0.012068
0.013622
0.015684
0.054092
0.019081
0.020250
0.066026
0.022491
0.023755
0.024163
0.076951
0.025436
0.081446
0.082851
0.222738
0.260812
0.027703
0.075100
0.089866
0.000523
0.000021
0.002702
0.001232
0.001864
0.000246
0.000129
0.016395
0.002345
0.001152
0.000132
0.015638
0.000222
0.061876
0.021473
0.000209
0.024531
0.081694
0.000400
0.027409
0.000351
0.003251
0.012773
0.101269
0.001388
0.001694
0.034263
0.003393
0.014091
0.121827
0.000569
