0.000001
0.000002
0.000002
0.000002
0.000003
0.000003
0.000004
0.000004
0.000005
0.000006
0.000006
0.000008
0.000009
0.000010
0.000011
0.000012
0.000013
0.000015
0.000017
0.000017
0.000019
0.000020
0.000021
0.000023
0.000025
0.000026
0.000028
0.000030
0.000032
0.000034
0.000036
0.000038
0.000040
0.000042
0.000044
0.000046
0.000049
0.000051
0.000053
0.000056
0.000059
0.000062
0.000065
0.000105
0.000140
0.000084
0.000091
0.000111
0.000092
0.000132
0.000081
0.000121
0.000155
0.000127
0.000115
0.000098
0.000102
0.000120
0.000127
0.000111
0.000114
0.000190
0.000255
0.000154
0.000158
0.000187
0.000191
0.000257
0.000464
0.000287
0.000236
0.000284
0.000294
0.000230
0.000238
0.000350
0.000206
0.000262
0.000308
0.000232
0.000222
0.000241
0.000247
0.000235
0.000228
0.000372
0.000328
0.000226
0.000230
0.000269
0.000388
0.000360
0.000252
0.000270
0.000346
0.000366
0.000438
0.000420
0.000388
0.000399
0.000405
0.000411
0.000421
0.000449
0.000361
0.000320
0.000379
0.000487
0.000334
0.000341
0.000535
0.000555
0.000498
0.000506
0.000521
0.000528
0.000531
0.000581
0.000396
0.000420
0.000610
0.000513
0.000640
0.000503
0.000434
0.000441
0.000447
0.000459
0.000463
0.000466
0.000645
0.000481
0.000542
0.000840
0.000567
0.000744
0.000721
0.000682
0.000752
0.000661
0.000655
0.000555
0.000840
0.000651
0.000849
0.000813
0.000823
0.000888
0.000860
0.000861
0.000978
0.000972
0.000687
0.000645
0.000653
0.000712
0.000667
0.000807
0.000803
0.001251
0.000966
0.000992
0.000936
0.000729
0.000816
0.000832
0.001189
0.000994
0.000768
0.000821
0.000787
0.000878
0.000804
0.001067
0.000972
0.001162
0.001154
0.001217
0.000864
0.001320
0.001267
0.001191
0.000895
0.000974
0.001347
0.001060
0.001232
0.001088
0.000954
0.001051
0.001131
0.001134
0.001169
0.001066
0.001012
0.001267
0.001392
0.001193
0.001166
0.001060
0.001128
0.001212
0.001550
0.001571
0.001429
0.001461
0.001519
0.001560
0.001663
0.001558
0.001492
0.001304
0.001225
0.001245
0.001383
0.001536
0.001524
0.001282
0.001302
0.001384
0.001886
0.001567
0.001345
0.001439
0.001786
0.001703
0.001382
0.001449
0.001691
0.001891
0.001433
0.001446
0.001687
0.002068
0.001482
0.001572
0.001818
0.002147
0.001635
0.001622
0.002171
0.002015
0.001583
0.001879
0.002109
0.001620
0.001718
0.001893
0.001980
0.001670
0.001851
0.002084
0.002003
0.002194
0.002007
0.002516
0.001995
0.002100
0.001862
0.001804
0.002019
0.002435
0.002416
0.002022
0.001907
0.001927
0.001902
0.002015
0.001920
0.001989
0.002030
0.001961
0.002032
0.002047
0.001991
0.002059
0.002046
0.002116
0.002104
0.002089
0.002158
0.002103
0.002128
0.002203
0.002146
0.002169
0.002284
0.002284
0.002316
0.002502
0.002467
0.002339
0.002939
0.003211
0.002498
0.003116
0.002730
0.002753
0.002875
0.003166
0.002438
0.002704
0.003373
0.002759
0.002984
0.002552
0.003146
0.002545
0.002871
0.002920
0.002834
0.003281
0.002656
0.003483
0.002700
0.003072
0.003263
0.003088
0.003524
0.003858
0.002719
0.003165
0.002942
0.002996
0.003582
0.003287
0.003904
0.003132
0.003252
0.003142
0.003157
0.002927
0.003218
0.002930
0.003237
0.002968
0.003287
0.003042
0.003235
0.003028
0.003313
0.003096
0.003125
0.003268
0.003167
0.003356
0.003198
0.003506
0.003282
0.003461
0.003318
0.003530
0.003407
0.003442
0.003549
0.003351
0.003556
0.003397
0.003445
0.003531
0.003675
0.003470
0.003746
0.003520
0.003826
0.003547
0.003729
0.003580
0.003753
0.003625
0.003784
0.003887
0.003636
0.003995
0.003668
0.004035
0.003917
0.003805
0.004084
0.003762
0.004012
0.003809
0.004130
0.004194
0.003972
0.004286
0.003916
0.004176
0.004319
0.003974
0.004720
0.004378
0.004259
0.004882
0.004680
0.004845
0.004883
0.004877
0.004916
0.004751
0.004961
0.004526
0.004267
0.005208
0.004829
0.004673
0.005677
0.005297
0.004780
0.005569
0.006024
0.005222
0.005098
0.004773
0.005172
0.005092
0.005339
0.004904
0.005408
0.005396
0.006040
0.004999
0.004829
0.004679
0.004700
0.005248
0.004707
0.004722
0.004757
0.004651
0.004673
0.004694
0.004714
0.004738
0.004754
0.004778
0.004802
0.004822
0.004844
0.004865
0.004882
0.004910
0.004930
0.004953
0.004974
0.004992
0.005017
0.005040
0.005063
0.005280
0.004946
0.004958
0.004983
0.005102
0.004992
0.005016
0.005034
0.005052
0.005077
0.005101
0.005159
0.005144
0.005239
0.005188
0.005570
0.006414
0.006394
0.005483
0.005682
0.005454
0.005432
0.005529
0.005550
0.005544
0.005591
0.005620
0.005642
0.005592
0.005616
0.005640
0.005661
0.005687
0.005709
0.005727
0.005752
0.005735
0.005698
0.005974
0.005809
0.005990
0.005867
0.005925
0.005877
0.005924
0.005922
0.005905
0.005966
0.005952
0.006016
0.006038
