0.000001
0.000002
0.000003
0.000003
0.000003
0.000004
0.000004
0.000004
0.000005
0.000006
0.000007
0.000008
0.000009
0.000010
0.000011
0.000013
0.000014
0.000015
0.000017
0.000018
0.000019
0.000021
0.000023
0.000024
0.000026
0.000028
0.000029
0.000031
0.000033
0.000035
0.000037
0.000039
0.000041
0.000044
0.000046
0.000048
0.000051
0.000053
0.000056
0.000058
0.000061
0.000063
0.000066
0.000068
0.000071
0.000073
0.000076
0.000079
0.000082
0.000085
0.000087
0.000091
0.000093
0.000096
0.000100
0.000104
0.000114
0.000110
0.000117
0.000116
0.000119
0.000123
0.000126
0.000130
0.000134
0.000137
0.000142
0.000146
0.000150
0.000154
0.000157
0.000161
0.000165
0.000169
0.000173
0.000178
0.000182
0.000185
0.000190
0.000194
0.000199
0.000203
0.000208
0.000213
0.000218
0.000223
0.000227
0.000231
0.000237
0.000242
0.000246
0.000253
0.000257
0.000262
0.000266
0.000272
0.000278
0.000283
0.000287
0.000293
0.000297
0.000304
0.000309
0.000315
0.000321
0.000326
0.000332
0.000338
0.000343
0.000348
0.000355
0.000361
0.000367
0.000373
0.000379
0.000385
0.000392
0.000397
0.000404
0.000410
0.000415
0.000424
0.000430
0.000437
0.000443
0.000448
0.000457
0.000464
0.000481
0.000465
0.000473
0.000479
0.000486
0.000493
0.000500
0.000506
0.000514
0.000521
0.000528
0.000536
0.000543
0.000550
0.000558
0.000565
0.000572
0.000579
0.000587
0.000594
0.000603
0.000610
0.000618
0.000627
0.000632
0.000642
0.000649
0.000657
0.000665
0.000672
0.000682
0.000690
0.000697
0.000707
0.000713
0.000724
0.000730
0.000740
0.000748
0.000757
0.000765
0.000774
0.000781
0.000792
0.000801
0.000809
0.000818
0.000826
0.000836
0.000888
0.000854
0.000861
0.000872
0.000899
0.000891
0.000972
0.000910
0.000918
0.000983
0.000937
0.000957
0.001013
0.000972
0.000978
0.000990
0.001037
0.001006
0.001025
0.001082
0.001043
0.001047
0.001135
0.001066
0.001086
0.001144
0.001186
0.001117
0.001314
0.001234
0.001228
0.001149
0.001171
0.001232
0.001191
0.001200
0.001208
0.001312
0.001304
0.001233
0.001255
0.001258
0.001869
0.001495
0.001304
0.001355
0.001621
0.001521
0.001348
0.001357
0.001551
0.001448
0.001458
0.001402
0.001446
0.001423
0.001510
0.001477
0.001488
0.001720
0.001924
0.001548
0.001608
0.001580
0.001595
0.001581
0.001595
0.001610
0.001619
0.001677
0.001635
0.001707
0.001670
0.001727
0.001742
0.001707
0.001766
0.001740
0.001980
0.002165
0.002547
0.001865
0.001907
0.001969
0.001939
0.001844
0.002024
0.001932
0.001926
0.001948
0.001911
0.001974
0.001994
0.002047
0.002062
0.002215
0.002405
0.002281
0.002122
0.002151
0.002244
0.002074
0.002183
0.002650
0.002229
0.002210
0.002585
0.002173
0.002859
0.002699
0.002320
0.002341
0.002359
0.002376
0.003017
0.002644
0.003307
0.002845
0.002565
0.002541
0.002380
0.002634
0.002640
0.002594
0.002840
0.002570
0.002676
0.002592
0.002687
0.002649
0.002607
0.003160
0.002710
0.002874
0.002720
0.003005
0.002905
0.002846
0.002826
0.002804
0.002742
0.002805
0.002746
0.002771
0.002778
0.002902
0.002852
0.002830
0.002854
0.002911
0.002933
0.002942
0.002968
0.003069
0.002997
0.003052
0.003050
0.003148
0.003172
0.003241
0.003192
0.003401
0.003087
0.003306
0.003440
0.003368
0.003332
0.003840
0.003253
0.004197
0.003338
0.003647
0.003349
0.003659
0.003559
0.003949
0.004008
0.003711
0.003604
0.003424
0.003455
0.003472
0.003672
0.003506
0.003657
0.003553
0.003609
0.003534
0.003694
0.003577
0.003595
0.003666
0.003675
0.003792
0.003733
0.003932
0.003789
0.003786
0.003925
0.003749
0.003891
0.004072
0.003977
0.003844
0.003857
0.003908
0.003889
0.004024
0.004706
0.004029
0.005424
0.004250
0.004132
0.004809
0.004421
0.004361
0.005181
0.004848
0.004311
0.004267
0.004186
0.004303
0.004308
0.004432
0.004400
0.004606
0.004462
0.004442
0.004379
0.004395
0.004533
0.004416
0.004436
0.004548
0.004526
0.004579
0.004551
0.004541
0.004597
0.004578
0.004701
0.004609
0.004649
0.004725
0.004770
0.004844
0.004913
0.005246
0.004957
0.005616
0.005855
0.005759
0.005200
0.005026
0.005514
0.005634
0.005430
0.005053
0.005039
0.005007
0.005135
0.005076
0.005162
0.005510
0.005174
0.005269
0.005348
0.005285
0.005501
0.005293
0.005270
0.005324
0.005353
0.005409
0.005447
0.005369
0.005444
0.005517
0.005579
0.005603
0.005576
0.005557
0.005578
0.005609
0.005774
0.005601
0.005617
0.005649
0.005625
0.005752
0.005763
0.005824
0.005765
0.005792
0.005845
0.005830
0.005886
0.005797
0.005852
0.005839
0.005908
0.005887
0.005911
0.005934
0.005967
0.006027
0.006008
0.006034
0.006074
0.006091
0.006150
0.006128
0.006155
0.006189
0.006215
0.005946
0.005969
0.005991
0.006015
0.006094
0.006059
0.006085
0.006256
