0.000002
0.000001
0.000002
0.000002
0.000003
0.000003
0.000004
0.000005
0.000006
0.000006
0.000006
0.000008
0.000009
0.000009
0.000011
0.000012
0.000013
0.000015
0.000016
0.000018
0.000020
0.000022
0.000023
0.000025
0.000026
0.000028
0.000031
0.000031
0.000034
0.000036
0.000038
0.000040
0.000043
0.000045
0.000048
0.000052
0.000054
0.000057
0.000056
0.000058
0.000060
0.000063
0.000066
0.000068
0.000073
0.000076
0.000101
0.000122
0.000104
0.000086
0.000127
0.000092
0.000122
0.000097
0.000100
0.000103
0.000106
0.000128
0.000132
0.000119
0.000124
0.000128
0.000131
0.000134
0.000136
0.000138
0.000143
0.000148
0.000155
0.000161
0.000157
0.000216
0.000164
0.000169
0.000174
0.000178
0.000182
0.000188
0.000193
0.000197
0.000200
0.000209
0.000213
0.000215
0.000219
0.000229
0.000324
0.000274
0.000276
0.000262
0.000249
0.000303
0.000261
0.000266
0.000271
0.000272
0.000281
0.000327
0.000292
0.000296
0.000300
0.000353
0.000312
0.000318
0.000323
0.000332
0.000420
0.000408
0.000389
0.000399
0.000445
0.000554
0.000369
0.000400
0.000402
0.000407
0.000416
0.000422
0.000411
0.000502
0.000624
0.000450
0.000455
0.000612
0.000621
0.000634
0.000665
0.000650
0.000663
0.000528
0.000485
0.000677
0.000505
0.000507
0.000515
0.000521
0.000527
0.000575
0.000576
0.000548
0.000578
0.000621
0.000625
0.000663
0.000588
0.000597
0.000602
0.000657
0.000617
0.000624
0.000631
0.000662
0.000692
0.000664
0.000665
0.000674
0.000682
0.000729
0.000696
0.000706
0.000715
0.000766
0.000730
0.000740
0.000749
0.000756
0.000818
0.000776
0.000785
0.000792
0.000841
0.000810
0.000818
0.000828
0.000882
0.000845
0.000858
0.000907
0.000876
0.000886
0.000896
0.000946
0.000914
0.000924
0.001014
0.000943
0.000952
0.001104
0.001262
0.001307
0.001719
0.001210
0.001057
0.001021
0.001032
0.001400
0.001220
0.001268
0.001140
0.001175
0.001105
0.001150
0.001169
0.001334
0.001191
0.001279
0.001347
0.001167
0.001180
0.001251
0.001200
0.001254
0.001221
0.001234
0.001254
0.001255
0.001266
0.001282
0.001340
0.001601
0.002080
0.001703
0.001344
0.001430
0.001369
0.002143
0.002534
0.002593
0.002626
0.002634
0.002675
0.002667
0.002713
0.002173
0.001532
0.001488
0.001653
0.001551
0.001567
0.001573
0.001583
0.001557
0.001574
0.001585
0.001598
0.001608
0.001623
0.001631
0.001648
0.001658
0.001670
0.001684
0.001699
0.001708
0.001724
0.001736
0.001749
0.001764
0.001775
0.001789
0.001802
0.001818
0.002031
0.001876
0.001860
0.001872
0.001885
0.001899
0.001913
0.001926
0.001940
0.001957
0.001920
0.001935
0.001934
0.001946
0.001961
0.002026
0.002049
0.002015
0.002029
0.002042
0.002059
0.002074
0.002085
0.002144
0.002160
0.002127
0.002143
0.002159
0.002173
0.002187
0.002203
0.002213
0.002232
0.002246
0.002257
0.002441
0.002292
0.002306
0.002320
0.002337
0.002351
0.002364
0.002380
0.002396
0.002411
0.002426
0.002440
0.003883
0.003728
0.003691
0.002945
0.002585
0.002536
0.002552
0.002567
0.002621
0.002640
0.003261
0.002978
0.002696
0.002663
0.002737
0.004553
0.004512
0.003581
0.003188
0.003131
0.003012
0.003190
0.002928
0.002971
0.002956
0.002959
0.002977
0.003023
0.003027
0.003084
0.003096
0.003097
0.003091
0.003118
0.003108
0.003277
0.003163
0.003202
0.003223
0.003281
0.003227
0.003388
0.003672
0.003298
0.003319
0.003532
0.003450
0.004036
0.003885
0.003993
0.004047
0.004068
0.004337
0.004087
0.004173
0.004491
0.004294
0.004011
0.004335
0.004015
0.004625
0.003944
0.003953
0.004066
0.003841
0.004106
0.003932
0.004055
0.004224
0.003933
0.004096
0.004059
0.004125
0.004203
0.004011
0.004185
0.004134
0.004101
0.004333
0.004108
0.004639
0.004380
0.004169
0.004465
0.004490
0.004224
0.004504
0.004373
0.004387
0.004439
0.004371
0.004553
0.004500
0.004348
0.004630
0.004553
0.004490
0.004771
0.004593
0.004671
0.004501
0.004699
0.004770
0.004605
0.004778
0.004847
0.004649
0.004896
0.004810
0.004783
0.004804
0.004904
0.004846
0.004922
0.004934
0.005105
0.005128
0.005207
0.005261
0.005047
0.005231
0.004977
0.005335
0.005364
0.005261
0.005776
0.006595
0.005373
0.005406
0.005292
0.005370
0.005191
0.005359
0.005564
0.005451
0.005520
0.005429
0.005461
0.005436
0.005603
0.005548
0.005423
0.005518
0.005665
0.005672
0.005645
0.005710
0.005650
0.005680
0.005810
0.005843
0.005763
0.005802
0.005799
0.005884
0.005865
0.005885
0.005917
0.005991
0.006183
0.006399
0.006130
0.006141
0.006206
0.006098
0.006217
0.006253
0.006327
0.006141
0.006300
0.006271
0.006351
0.006277
0.006296
0.006267
0.006221
0.006238
0.006284
0.006364
0.006275
0.006346
0.006325
0.006362
0.006384
0.006398
0.006384
0.006403
0.006429
0.006429
0.006536
0.006500
