0.000002
0.000002
0.000002
0.000003
0.000003
0.000003
0.000005
0.000004
0.000005
0.000007
0.000007
0.000008
0.000009
0.000010
0.000011
0.000013
0.000014
0.000015
0.000016
0.000018
0.000019
0.000035
0.000022
0.000024
0.000025
0.000028
0.000029
0.000030
0.000033
0.000035
0.000036
0.000039
0.000041
0.000042
0.000045
0.000047
0.000050
0.000051
0.000054
0.000056
0.000059
0.000061
0.000064
0.000066
0.000068
0.000071
0.000073
0.000076
0.000079
0.000082
0.000086
0.000088
0.000091
0.000094
0.000097
0.000100
0.000103
0.000107
0.000109
0.000113
0.000156
0.000120
0.000124
0.000128
0.000157
0.000136
0.000139
0.000142
0.000146
0.000151
0.000153
0.000157
0.000161
0.000165
0.000170
0.000174
0.000177
0.000182
0.000186
0.000232
0.000195
0.000200
0.000203
0.000208
0.000212
0.000217
0.000222
0.000227
0.000231
0.000237
0.000241
0.000246
0.000250
0.000312
0.000260
0.000265
0.000271
0.000275
0.000280
0.000285
0.000291
0.000297
0.000302
0.000346
0.000311
0.000317
0.000322
0.000327
0.000332
0.000338
0.000345
0.000350
0.000355
0.000420
0.000369
0.000376
0.000382
0.000388
0.000395
0.000400
0.000407
0.000468
0.000420
0.000426
0.000432
0.000439
0.000445
0.000452
0.000568
0.000561
0.000473
0.000496
0.000487
0.000493
0.000555
0.000508
0.000514
0.000521
0.000529
0.000535
0.000600
0.000550
0.000557
0.000564
0.000589
0.000594
0.000640
0.000609
0.000617
0.000624
0.000632
0.000681
0.000648
0.000657
0.000665
0.000673
0.000720
0.000689
0.000697
0.000706
0.000756
0.000723
0.000732
0.000740
0.000748
0.000801
0.000766
0.000775
0.000784
0.000835
0.000802
0.000811
0.000830
0.000829
0.000838
0.000847
0.000857
0.000865
0.000875
0.000884
0.000894
0.000902
0.000912
0.000922
0.000932
0.000941
0.000951
0.000962
0.000970
0.000980
0.000992
0.001000
0.001010
0.001020
0.001031
0.001040
0.001051
0.001061
0.001071
0.001082
0.001092
0.001102
0.001112
0.001124
0.001133
0.001145
0.001155
0.001166
0.001176
0.001186
0.001197
0.001208
0.001220
0.001229
0.001242
0.001253
0.001265
0.001275
0.001287
0.001297
0.001309
0.001322
0.001333
0.001344
0.001354
0.001382
0.001428
0.001418
0.001468
0.001417
0.001445
0.001466
0.001452
0.001508
0.001484
0.001493
0.001499
0.001511
0.001523
0.001536
0.001474
0.001485
0.001553
0.001795
0.001658
0.001631
0.001636
0.001641
0.001760
0.001877
0.001586
0.001676
0.001973
0.001703
0.001631
0.001745
0.001797
0.001740
0.001691
0.001768
0.001717
0.001733
0.001745
0.001796
0.001806
0.001785
0.001797
0.001809
0.001902
0.001835
0.001847
0.001861
0.001911
0.001889
0.001900
0.001915
0.001929
0.001941
0.001955
0.001967
0.002025
0.002020
0.002013
0.002024
0.002039
0.002288
0.002124
0.002079
0.002098
0.002119
0.002122
0.002137
0.002150
0.002166
0.002219
0.002191
0.002244
0.002535
0.002355
0.002251
0.002423
0.002284
0.002279
0.002384
0.002323
0.002338
0.002354
0.002370
0.002383
0.002399
0.002412
0.002430
0.002446
0.002460
0.002472
0.002491
0.002507
0.002521
0.002537
0.002551
0.002565
0.002583
0.002595
0.002615
0.002628
0.002745
0.002865
0.002691
0.003093
0.002770
0.002896
0.002791
0.002814
0.002812
0.002853
0.002806
0.002859
0.002879
0.002945
0.002872
0.002889
0.002904
0.002919
0.002936
0.002955
0.002972
0.002988
0.003038
0.003060
0.003075
0.003056
0.003083
0.003068
0.003086
0.003101
0.003119
0.003135
0.003148
0.003167
0.003220
0.003227
0.003242
0.003274
0.003277
0.003339
0.003321
0.003355
0.003307
0.003322
0.003343
0.003426
0.003378
0.003397
0.003445
0.003442
0.003447
0.003463
0.003483
0.003534
0.003553
0.003535
0.003528
0.003569
0.003566
0.003607
0.003625
0.003640
0.003739
0.003768
0.003760
0.004030
0.005681
0.006106
0.006039
0.004852
0.004822
0.004019
0.004028
0.004134
0.004018
0.004148
0.004290
0.004140
0.004155
0.004221
0.004570
0.005326
0.004978
0.007955
0.008164
0.008189
0.004693
0.004782
0.006279
0.005385
0.005298
0.004745
0.006001
0.005390
0.006323
0.005592
0.005057
0.005393
0.005220
0.005372
0.005121
0.005279
0.005874
0.006120
0.004949
0.004893
0.004811
0.004833
0.004849
0.004874
0.004897
0.004918
0.004942
0.004962
0.004985
0.005006
0.005029
0.005051
0.005071
0.005090
0.005119
0.005137
0.005162
0.005182
0.004981
0.005014
0.004948
0.004991
0.004971
0.004993
0.005080
0.005034
0.005058
0.005077
0.005098
0.005225
0.005138
0.005197
0.005187
0.005243
0.005972
0.006488
0.005681
0.005338
0.005470
0.005481
0.005422
0.005527
0.005369
0.005424
0.005449
0.005471
0.005528
0.005556
0.005540
0.005649
0.005587
0.005645
0.005667
0.005779
0.006094
0.005789
0.005784
0.005845
0.005866
0.005793
0.005815
0.005791
0.005861
0.005879
0.005907
0.006124
0.008351
0.007412
0.008694
