0.000002
0.000002
0.000003
0.000003
0.000004
0.000004
0.000005
0.000005
0.000006
0.000007
0.000008
0.000010
0.000011
0.000013
0.000013
0.000016
0.000017
0.000019
0.000021
0.000022
0.000025
0.000027
0.000028
0.000031
0.000072
0.000096
0.000077
0.000064
0.000083
0.000064
0.000048
0.000050
0.000053
0.000056
0.000059
0.000062
0.000065
0.000068
0.000071
0.000074
0.000078
0.000081
0.000085
0.000107
0.000092
0.000096
0.000099
0.000103
0.000106
0.000110
0.000114
0.000118
0.000123
0.000127
0.000131
0.000136
0.000140
0.000144
0.000148
0.000153
0.000158
0.000162
0.000168
0.000172
0.000202
0.000134
0.000176
0.000143
0.000147
0.000150
0.000242
0.000241
0.000316
0.000299
0.000223
0.000241
0.000202
0.000218
0.000245
0.000226
0.000197
0.000301
0.000223
0.000272
0.000251
0.000237
0.000222
0.000227
0.000231
0.000235
0.000278
0.000246
0.000341
0.000255
0.000261
0.000308
0.000541
0.000606
0.000533
0.000382
0.000442
0.000450
0.000455
0.000465
0.000581
0.000536
0.000449
0.000458
0.000467
0.000440
0.000686
0.000553
0.000540
0.000645
0.000561
0.000648
0.000480
0.000427
0.000511
0.000423
0.000431
0.000651
0.000654
0.000690
0.000832
0.000519
0.000467
0.000496
0.000460
0.000508
0.000479
0.000800
0.000783
0.000744
0.000753
0.000659
0.000849
0.000706
0.000619
0.000541
0.000636
0.000960
0.000908
0.000995
0.000887
0.000687
0.000925
0.000751
0.001024
0.000923
0.000961
0.000793
0.000891
0.000956
0.000692
0.000925
0.000844
0.001011
0.001173
0.000969
0.001004
0.001121
0.001009
0.001160
0.000827
0.000742
0.000752
0.000778
0.000814
0.001177
0.001004
0.000861
0.000804
0.000816
0.000826
0.000835
0.001219
0.000951
0.000912
0.000865
0.000873
0.000992
0.001114
0.001017
0.000976
0.000931
0.000931
0.000945
0.001133
0.001048
0.001015
0.001043
0.001036
0.001006
0.001086
0.001019
0.001153
0.001103
0.001045
0.001055
0.001135
0.001217
0.001083
0.001153
0.001222
0.001200
0.001164
0.001168
0.001234
0.001194
0.001206
0.001210
0.001220
0.001233
0.001241
0.001252
0.001264
0.001273
0.001291
0.001339
0.001307
0.001362
0.001332
0.001342
0.001358
0.001370
0.001421
0.001394
0.001460
0.001467
0.001478
0.001436
0.001455
0.001476
0.001474
0.001529
0.001496
0.001512
0.001522
0.001535
0.001546
0.001561
0.001571
0.001582
0.001596
0.001609
0.001620
0.001634
0.001646
0.001662
0.001670
0.001686
0.001699
0.001713
0.001732
0.001739
0.001757
0.001830
0.001792
0.001852
0.001803
0.001857
0.001868
0.001850
0.001911
0.001880
0.001948
0.001933
0.001923
0.002026
0.001915
0.002101
0.002067
0.001955
0.002021
0.002054
0.002165
0.002127
0.002061
0.002184
0.002154
0.002086
0.002104
0.002115
0.002085
0.002262
0.002180
0.002212
0.002336
0.002272
0.002177
0.002247
0.002273
0.002214
0.002270
0.002243
0.002258
0.002276
0.002292
0.002306
0.002319
0.002336
0.002349
0.002364
0.002381
0.002395
0.002411
0.002427
0.002442
0.002456
0.002472
0.002487
0.002504
0.002517
0.002535
0.002550
0.002566
0.002582
0.002594
0.002611
0.002629
0.002643
0.002661
0.002674
0.002691
0.002709
0.002724
0.002742
0.002755
0.002775
0.002790
0.002807
0.002824
0.002841
0.002890
0.002871
0.002890
0.002908
0.002921
0.002937
0.002955
0.003201
0.003028
0.003010
0.003025
0.003043
0.003059
0.003076
0.003022
0.003039
0.003016
0.003033
0.003081
0.003165
0.003116
0.003135
0.003154
0.003168
0.003187
0.003169
0.003187
0.003241
0.003255
0.003363
0.003305
0.003325
0.003341
0.003358
0.003321
0.003319
0.003357
0.003377
0.003393
0.003446
0.003430
0.003444
0.003497
0.003522
0.003477
0.003514
0.003567
0.003550
0.003573
0.003589
0.003610
0.003626
0.003679
0.003696
0.003700
0.003700
0.003846
0.003736
0.003789
0.003774
0.003763
0.003809
0.003830
0.003845
0.003866
0.003882
0.003901
0.003959
0.004001
0.003961
0.003982
0.003999
0.004054
0.004040
0.004052
0.004435
0.004125
0.004157
0.004165
0.004154
0.004173
0.004230
0.004249
0.005288
0.005080
0.005664
0.004532
0.004498
0.004327
0.004392
0.004449
0.004390
0.004477
0.004512
0.004521
0.004543
0.004564
0.004590
0.004608
0.004625
0.004650
0.004671
0.004691
0.004713
0.004733
0.004752
0.004776
0.004795
0.004820
0.004868
0.004856
0.004881
0.004902
0.004924
0.004962
0.004849
0.004905
0.004972
0.005047
0.005003
0.005027
0.005012
0.005037
0.005054
0.005074
0.005167
0.005238
0.005177
0.005176
0.005273
0.005240
0.005303
0.005246
0.005312
0.005291
0.005316
0.005340
0.005324
0.005379
0.005409
0.005390
0.005542
0.005474
0.005511
0.005586
0.005542
0.005562
0.005585
0.005605
0.005627
0.005657
0.005677
0.005648
0.005644
0.005631
0.005854
0.005710
0.005756
0.005822
0.005855
0.005903
0.005785
0.005888
0.005867
0.005986
0.005999
