0.000001
0.000002
0.000002
0.000003
0.000003
0.000003
0.000004
0.000004
0.000004
0.000006
0.000006
0.000007
0.000008
0.000009
0.000010
0.000011
0.000013
0.000015
0.000016
0.000017
0.000018
0.000020
0.000022
0.000023
0.000024
0.000026
0.000028
0.000030
0.000031
0.000034
0.000036
0.000038
0.000040
0.000041
0.000043
0.000046
0.000049
0.000051
0.000053
0.000056
0.000058
0.000060
0.000063
0.000065
0.000067
0.000069
0.000072
0.000075
0.000078
0.000080
0.000083
0.000086
0.000089
0.000092
0.000095
0.000098
0.000102
0.000136
0.000107
0.000111
0.000113
0.000117
0.000119
0.000124
0.000127
0.000131
0.000134
0.000137
0.000140
0.000146
0.000149
0.000152
0.000156
0.000160
0.000164
0.000168
0.000172
0.000176
0.000194
0.000185
0.000190
0.000194
0.000198
0.000203
0.000207
0.000212
0.000216
0.000221
0.000225
0.000231
0.000235
0.000239
0.000277
0.000251
0.000253
0.000259
0.000264
0.000269
0.000274
0.000279
0.000284
0.000290
0.000294
0.000352
0.000305
0.000311
0.000316
0.000322
0.000327
0.000332
0.000339
0.000371
0.000350
0.000392
0.000361
0.000367
0.000373
0.000379
0.000386
0.000392
0.000398
0.000436
0.000410
0.000416
0.000423
0.000428
0.000434
0.000441
0.000484
0.000454
0.000461
0.000469
0.000475
0.000482
0.000488
0.000528
0.000501
0.000509
0.000516
0.000522
0.000531
0.000573
0.000544
0.000553
0.000559
0.000565
0.000574
0.000614
0.000587
0.000595
0.000603
0.000611
0.000653
0.000626
0.000633
0.000642
0.000649
0.000658
0.000665
0.000672
0.000681
0.000689
0.000734
0.000704
0.000714
0.000722
0.000767
0.000738
0.000747
0.000754
0.000763
0.000772
0.000781
0.000789
0.000799
0.000807
0.000816
0.000823
0.000832
0.000844
0.000851
0.000860
0.000870
0.000878
0.000888
0.000897
0.000908
0.000915
0.000924
0.000933
0.000982
0.000954
0.000962
0.000974
0.000982
0.000992
0.001038
0.001042
0.001051
0.001065
0.001039
0.001051
0.001062
0.001069
0.001080
0.001091
0.001101
0.001111
0.001123
0.001131
0.001142
0.001151
0.001164
0.001172
0.001185
0.001192
0.001204
0.001215
0.001224
0.001273
0.001248
0.001257
0.001269
0.001279
0.001330
0.001302
0.001315
0.001326
0.001337
0.001390
0.001358
0.001368
0.001381
0.001391
0.001446
0.001414
0.001427
0.001438
0.001451
0.001602
0.001513
0.001568
0.001498
0.001550
0.001520
0.001576
0.001544
0.001593
0.001569
0.001621
0.001595
0.001702
0.001619
0.001669
0.001718
0.001712
0.002191
0.001800
0.001755
0.001708
0.001886
0.001766
0.001804
0.001758
0.001835
0.001785
0.001853
0.001873
0.001979
0.001876
0.001882
0.001952
0.001876
0.001926
0.001940
0.001914
0.001966
0.001942
0.002019
0.002003
0.001984
0.002054
0.002010
0.002024
0.002079
0.002116
0.002379
0.002165
0.002192
0.002209
0.002227
0.002213
0.002237
0.002252
0.002801
0.002463
0.002457
0.002519
0.002310
0.002293
0.002634
0.002633
0.002541
0.002366
0.002422
0.002439
0.002411
0.002427
0.002523
0.002502
0.002512
0.002487
0.002503
0.002518
0.002582
0.002547
0.002968
0.002937
0.002712
0.002952
0.002692
0.002817
0.002661
0.002678
0.002736
0.002710
0.002854
0.002778
0.002801
0.002811
0.002827
0.002844
0.002867
0.003002
0.002854
0.002913
0.003024
0.002906
0.002995
0.002981
0.003035
0.003060
0.003140
0.003008
0.003026
0.003219
0.003099
0.003078
0.003137
0.003187
0.003127
0.003273
0.003270
0.003332
0.003248
0.003264
0.003347
0.003427
0.003340
0.003515
0.003699
0.003847
0.003443
0.003459
0.003638
0.004038
0.003703
0.003889
0.003667
0.003659
0.003691
0.003729
0.003901
0.003657
0.004084
0.003951
0.003949
0.004033
0.004043
0.004199
0.004072
0.003925
0.004523
0.004197
0.004265
0.004038
0.004185
0.004146
0.004096
0.004172
0.004341
0.004130
0.004227
0.004224
0.004267
0.004299
0.004188
0.004489
0.004466
0.004299
0.004683
0.004398
0.004461
0.004571
0.004661
0.004408
0.004441
0.004642
0.004516
0.004713
0.004715
0.004596
0.004673
0.004759
0.004607
0.004784
0.004632
0.004816
0.004659
0.004685
0.004799
0.004722
0.004668
0.004742
0.004739
0.004720
0.004849
0.004767
0.004853
0.005161
0.004973
0.004896
0.004941
0.004947
0.005030
0.004944
0.004981
0.005180
0.005107
0.005194
0.005266
0.005217
0.005303
0.005205
0.005375
0.005292
0.005282
0.005384
0.005416
0.005407
0.005327
0.005495
0.005524
0.005495
0.005536
0.005558
0.005502
0.005555
0.005649
0.005712
0.005694
0.005646
0.005854
0.005682
0.005658
0.005671
0.005916
0.005687
0.005809
0.005794
0.005774
0.005924
0.005850
0.005913
0.005895
0.005916
0.005957
0.005987
0.005939
0.006015
0.006042
0.006093
0.006378
0.006164
0.006252
0.006300
0.006247
0.006818
0.006674
0.006291
0.006680
0.006346
0.006354
0.006323
0.006402
0.006440
0.006529
0.006667
0.006514
0.006604
