0.000003
0.000002
0.000003
0.000003
0.000003
0.000004
0.000005
0.000005
0.000005
0.000006
0.000007
0.000008
0.000009
0.000010
0.000011
0.000012
0.000014
0.000016
0.000017
0.000018
0.000020
0.000021
0.000023
0.000024
0.000027
0.000028
0.000030
0.000032
0.000056
0.000054
0.000037
0.000039
0.000042
0.000044
0.000047
0.000048
0.000051
0.000053
0.000056
0.000059
0.000060
0.000063
0.000066
0.000069
0.000072
0.000074
0.000077
0.000079
0.000127
0.000085
0.000087
0.000090
0.000093
0.000096
0.000100
0.000103
0.000106
0.000110
0.000114
0.000117
0.000121
0.000124
0.000128
0.000132
0.000134
0.000139
0.000144
0.000146
0.000151
0.000154
0.000159
0.000163
0.000167
0.000217
0.000180
0.000182
0.000185
0.000187
0.000191
0.000198
0.000202
0.000287
0.000210
0.000214
0.000220
0.000225
0.000246
0.000233
0.000237
0.000242
0.000246
0.000253
0.000259
0.000265
0.000270
0.000275
0.000279
0.000330
0.000290
0.000349
0.000353
0.000310
0.000312
0.000320
0.000323
0.000330
0.000334
0.000339
0.000346
0.000350
0.000355
0.000364
0.000372
0.000380
0.000383
0.000433
0.000395
0.000449
0.000418
0.000416
0.000422
0.000470
0.000484
0.000439
0.000445
0.000451
0.000457
0.000467
0.000478
0.000501
0.000487
0.000498
0.000538
0.000509
0.000516
0.000566
0.000530
0.000537
0.000541
0.000554
0.000561
0.000566
0.000574
0.000596
0.000596
0.000601
0.000651
0.000613
0.000619
0.000627
0.000640
0.000690
0.000655
0.000666
0.000682
0.000680
0.000727
0.000697
0.000706
0.000711
0.000776
0.000729
0.000738
0.000758
0.000804
0.000763
0.000772
0.000776
0.000848
0.000796
0.000807
0.000826
0.000821
0.000827
0.000837
0.000847
0.000856
0.000864
0.000874
0.000884
0.000933
0.000902
0.000913
0.000921
0.000932
0.000942
0.000949
0.000962
0.000971
0.000980
0.000993
0.001000
0.001012
0.001020
0.001031
0.001040
0.001051
0.001059
0.001072
0.001081
0.001093
0.001102
0.001114
0.001123
0.001134
0.001146
0.001155
0.001166
0.001177
0.001187
0.001199
0.001210
0.001220
0.001231
0.001240
0.001254
0.001265
0.001276
0.001284
0.001299
0.001318
0.001288
0.001300
0.001311
0.001322
0.001333
0.001344
0.001357
0.001368
0.001380
0.001391
0.001402
0.001414
0.001425
0.001437
0.001448
0.001458
0.001474
0.001486
0.001497
0.001509
0.001519
0.001534
0.001545
0.001557
0.001582
0.001610
0.001669
0.001604
0.001619
0.001637
0.002003
0.001811
0.001675
0.001767
0.001711
0.001758
0.001726
0.001765
0.001791
0.001762
0.001818
0.001788
0.001860
0.001812
0.001827
0.001837
0.001853
0.001864
0.001877
0.001891
0.002008
0.001963
0.001987
0.002222
0.002058
0.002342
0.002076
0.002230
0.002600
0.002150
0.002444
0.002658
0.002233
0.002495
0.002828
0.002322
0.003161
0.002365
0.002314
0.003112
0.002452
0.002574
0.003081
0.002584
0.002417
0.002874
0.002491
0.002711
0.002844
0.002470
0.002963
0.002794
0.002568
0.003044
0.002914
0.002836
0.003344
0.002800
0.002725
0.002733
0.003027
0.002568
0.003437
0.002853
0.002758
0.002888
0.002831
0.002802
0.003011
0.002839
0.003085
0.003113
0.002777
0.002936
0.002854
0.002907
0.004721
0.005254
0.005313
0.005360
0.005353
0.003314
0.003031
0.003137
0.003026
0.003015
0.003433
0.003144
0.003097
0.003208
0.003178
0.003153
0.003364
0.003189
0.003630
0.003581
0.003778
0.003363
0.003407
0.003341
0.003395
0.003424
0.003660
0.003644
0.003523
0.003435
0.003860
0.003527
0.004591
0.004057
0.003947
0.003751
0.003927
0.004014
0.003829
0.003991
0.003626
0.003834
0.003664
0.003872
0.003726
0.003918
0.003780
0.004211
0.003957
0.004310
0.003942
0.004226
0.004056
0.004201
0.004034
0.004452
0.004152
0.004341
0.004858
0.004146
0.004594
0.004187
0.004307
0.004449
0.004353
0.004499
0.004340
0.004332
0.004506
0.004438
0.004461
0.004611
0.004461
0.004475
0.004600
0.004420
0.004504
0.004578
0.004474
0.004462
0.004545
0.004554
0.004487
0.004587
0.004640
0.004582
0.004638
0.004668
0.004565
0.004954
0.004905
0.004692
0.004913
0.005053
0.004802
0.004850
0.005003
0.004833
0.005031
0.004762
0.005118
0.005183
0.005025
0.005302
0.005145
0.005275
0.005387
0.005270
0.005446
0.005152
0.005144
0.005160
0.005281
0.005288
0.005300
0.005308
0.005356
0.005420
0.005453
0.005486
0.005519
0.005468
0.005430
0.005512
0.005519
0.005677
0.006075
0.005614
0.005903
0.005680
0.005869
0.006545
0.007069
0.006740
0.006610
0.006373
0.006670
0.006987
0.005597
0.005608
0.005702
0.006146
0.005759
0.005705
0.005729
0.005796
0.006391
0.006280
0.005881
0.005840
0.005865
0.005888
0.005916
0.005938
0.005961
0.005985
0.006057
0.006360
0.006263
0.005978
0.006002
0.006178
0.006052
0.006068
0.006057
0.006083
0.006107
0.006132
0.006158
0.006180
0.006205
0.006229
0.006883
