0.000002
0.000001
0.000002
0.000003
0.000003
0.000003
0.000003
0.000004
0.000005
0.000005
0.000007
0.000007
0.000008
0.000009
0.000011
0.000011
0.000013
0.000014
0.000016
0.000016
0.000018
0.000019
0.000021
0.000023
0.000024
0.000026
0.000028
0.000029
0.000032
0.000033
0.000035
0.000037
0.000038
0.000040
0.000043
0.000046
0.000047
0.000050
0.000051
0.000054
0.000056
0.000059
0.000062
0.000094
0.000065
0.000067
0.000089
0.000073
0.000094
0.000124
0.000100
0.000084
0.000118
0.000090
0.000138
0.000116
0.000101
0.000104
0.000108
0.000123
0.000131
0.000129
0.000138
0.000136
0.000151
0.000144
0.000136
0.000182
0.000171
0.000174
0.000172
0.000176
0.000180
0.000173
0.000176
0.000180
0.000183
0.000200
0.000204
0.000209
0.000212
0.000216
0.000210
0.000204
0.000208
0.000213
0.000216
0.000231
0.000247
0.000251
0.000322
0.000261
0.000266
0.000271
0.000275
0.000280
0.000284
0.000290
0.000294
0.000299
0.000304
0.000310
0.000314
0.000319
0.000325
0.000334
0.000335
0.000340
0.000346
0.000351
0.000357
0.000363
0.000369
0.000374
0.000383
0.000386
0.000390
0.000396
0.000405
0.000408
0.000415
0.000420
0.000429
0.000432
0.000439
0.000445
0.000484
0.000458
0.000464
0.000512
0.000477
0.000483
0.000488
0.000497
0.000505
0.000544
0.000516
0.000522
0.000529
0.000536
0.000542
0.000603
0.000556
0.000565
0.000571
0.000579
0.000586
0.000630
0.000600
0.000609
0.000616
0.000622
0.000681
0.000640
0.000646
0.000653
0.000662
0.000719
0.000675
0.000718
0.000697
0.000707
0.000762
0.000721
0.000729
0.000736
0.000782
0.000753
0.000762
0.000771
0.000813
0.000788
0.000795
0.000805
0.000846
0.000820
0.000827
0.000837
0.000884
0.000855
0.000864
0.000873
0.000882
0.000891
0.000899
0.000944
0.000917
0.000927
0.000936
0.000945
0.000953
0.000962
0.000974
0.000981
0.000992
0.001000
0.001011
0.001020
0.001028
0.001042
0.001047
0.001058
0.001100
0.001077
0.001089
0.001130
0.001107
0.001117
0.001128
0.001137
0.001147
0.001156
0.001169
0.001217
0.001188
0.001198
0.001210
0.001219
0.001229
0.001224
0.001249
0.001262
0.001270
0.001284
0.001292
0.001304
0.001350
0.001324
0.001367
0.001348
0.001359
0.001369
0.001380
0.001393
0.001405
0.001414
0.001428
0.001437
0.001452
0.001461
0.001475
0.001486
0.001499
0.001510
0.001520
0.001533
0.001544
0.001557
0.001569
0.001581
0.001594
0.001605
0.001619
0.001630
0.001641
0.001654
0.001667
0.001682
0.001692
0.001706
0.001717
0.001768
0.001742
0.001756
0.001768
0.001783
0.001795
0.001807
0.001822
0.001834
0.001850
0.001861
0.001875
0.001889
0.001935
0.001918
0.001928
0.001944
0.001957
0.001970
0.001984
0.001995
0.002012
0.002023
0.002040
0.002054
0.002094
0.002342
0.002115
0.002094
0.002135
0.002205
0.002132
0.002195
0.002216
0.002177
0.002239
0.002257
0.002218
0.002255
0.002297
0.002282
0.002286
0.002287
0.002304
0.002317
0.002333
0.002347
0.002362
0.002374
0.002391
0.002440
0.002420
0.003014
0.002643
0.002535
0.002547
0.002500
0.002559
0.002592
0.002970
0.003210
0.003003
0.002779
0.002762
0.002807
0.002690
0.002753
0.002694
0.002710
0.002724
0.002775
0.002794
0.002771
0.002790
0.002807
0.002824
0.002837
0.002856
0.002870
0.002886
0.002906
0.002922
0.002939
0.002955
0.002971
0.002989
0.003007
0.003020
0.003037
0.003053
0.003106
0.003132
0.003103
0.003300
0.003603
0.003245
0.003361
0.003260
0.003274
0.003264
0.003283
0.003302
0.003320
0.003346
0.003354
0.003368
0.003392
0.003365
0.003386
0.003404
0.003423
0.003437
0.003455
0.003476
0.003492
0.003513
0.003531
0.003546
0.003608
0.003586
0.003604
0.003623
0.003641
0.003661
0.003679
0.003698
0.003717
0.003722
0.003733
0.003753
0.003773
0.003789
0.003806
0.003826
0.003813
0.003828
0.003849
0.003932
0.003938
0.003939
0.003992
0.003994
0.004047
0.003980
0.004037
0.004085
0.004141
0.004091
0.004107
0.004127
0.004115
0.004176
0.004156
0.004205
0.004225
0.004317
0.004312
0.004283
0.004308
0.004419
0.004307
0.004332
0.004351
0.004470
0.004385
0.004441
0.004459
0.004491
0.004474
0.004527
0.004565
0.004639
0.004587
0.004618
0.004626
0.004877
0.004637
0.004654
0.004676
0.004693
0.004717
0.004741
0.004760
0.004778
0.004896
0.004866
0.004847
0.004867
0.004889
0.004907
0.004928
0.005279
0.005811
0.005329
0.005508
0.005157
0.005183
0.005163
0.005228
0.005207
0.005229
0.005249
0.005274
0.005296
0.005319
0.005341
0.005362
0.005387
0.005409
0.005432
0.005448
0.005476
0.005497
0.005519
0.005501
0.005507
0.005546
0.005608
0.005765
0.005563
0.005589
0.005614
0.005634
0.005659
0.005678
0.005702
0.005770
0.005746
0.006750
0.006512
0.006148
0.005993
0.005963
0.006094
0.006052
0.006039
0.006063
0.006082
0.006106
