0.000002
0.000002
0.000002
0.000002
0.000003
0.000003
0.000004
0.000004
0.000005
0.000006
0.000006
0.000007
0.000009
0.000009
0.000010
0.000012
0.000013
0.000013
0.000015
0.000016
0.000018
0.000020
0.000020
0.000022
0.000024
0.000026
0.000027
0.000030
0.000030
0.000032
0.000035
0.000037
0.000038
0.000041
0.000042
0.000045
0.000047
0.000049
0.000051
0.000053
0.000056
0.000058
0.000061
0.000081
0.000065
0.000068
0.000089
0.000073
0.000094
0.000123
0.000100
0.000129
0.000106
0.000122
0.000112
0.000132
0.000113
0.000133
0.000137
0.000140
0.000144
0.000158
0.000144
0.000136
0.000128
0.000131
0.000134
0.000150
0.000170
0.000169
0.000172
0.000176
0.000179
0.000182
0.000210
0.000203
0.000193
0.000210
0.000214
0.000218
0.000212
0.000216
0.000221
0.000225
0.000239
0.000242
0.000247
0.000279
0.000290
0.000260
0.000265
0.000269
0.000274
0.000278
0.000273
0.000280
0.000292
0.000297
0.000323
0.000307
0.000313
0.000318
0.000322
0.000327
0.000331
0.000338
0.000343
0.000373
0.000353
0.000359
0.000364
0.000370
0.000376
0.000406
0.000361
0.000405
0.000372
0.000379
0.000385
0.000392
0.000398
0.000403
0.000410
0.000449
0.000421
0.000428
0.000435
0.000442
0.000449
0.000455
0.000497
0.000468
0.000475
0.000481
0.000488
0.000495
0.000501
0.000546
0.000515
0.000523
0.000530
0.000536
0.000544
0.000583
0.000559
0.000565
0.000573
0.000580
0.000611
0.000609
0.000664
0.000812
0.000619
0.000784
0.000633
0.000784
0.000649
0.000658
0.000667
0.000672
0.000682
0.000688
0.000742
0.000705
0.000712
0.000720
0.000838
0.001090
0.000748
0.000756
0.000765
0.000802
0.000781
0.000790
0.000797
0.000912
0.001050
0.000856
0.000919
0.000843
0.000852
0.000859
0.000904
0.000978
0.000992
0.000996
0.000906
0.000916
0.000925
0.001007
0.001029
0.000982
0.001014
0.000972
0.000983
0.000991
0.001069
0.001112
0.001079
0.001104
0.001152
0.001171
0.001344
0.001119
0.001452
0.001094
0.001262
0.001292
0.001495
0.001735
0.001143
0.001363
0.001586
0.001476
0.001414
0.001269
0.001292
0.001849
0.001750
0.001497
0.001269
0.002029
0.001635
0.001563
0.001423
0.001862
0.002054
0.001414
0.001496
0.001563
0.001740
0.001508
0.001470
0.001849
0.001902
0.002055
0.001934
0.001730
0.001738
0.001550
0.001853
0.001804
0.002230
0.001951
0.001781
0.001805
0.001695
0.001820
0.001971
0.001644
0.001682
0.001808
0.001875
0.002116
0.002006
0.001867
0.002369
0.001843
0.002398
0.001921
0.001841
0.002238
0.002228
0.001956
0.002284
0.002313
0.001939
0.002138
0.002265
0.001976
0.002255
0.002395
0.001928
0.002196
0.002450
0.002023
0.002326
0.002437
0.002341
0.002993
0.002217
0.002193
0.002210
0.003032
0.002739
0.002700
0.002673
0.002370
0.002892
0.004154
0.003114
0.002246
0.002301
0.002278
0.002335
0.002321
0.002357
0.002332
0.002345
0.002363
0.002413
0.002392
0.002449
0.002463
0.002479
0.002453
0.002502
0.002521
0.002501
0.002563
0.002532
0.002550
0.002565
0.002581
0.002596
0.002612
0.002673
0.002645
0.002661
0.002677
0.002732
0.002755
0.002770
0.002742
0.002803
0.002775
0.002838
0.002808
0.002826
0.002843
0.002899
0.002879
0.002939
0.002909
0.002927
0.002987
0.002961
0.002977
0.003039
0.003060
0.003107
0.003048
0.003066
0.003085
0.003100
0.003119
0.003135
0.003151
0.003131
0.003156
0.003171
0.003190
0.003240
0.003226
0.003310
0.003259
0.003236
0.003254
0.003388
0.003335
0.003498
0.003383
0.003525
0.003437
0.003422
0.003434
0.003415
0.003463
0.003625
0.003511
0.003679
0.004092
0.004020
0.003869
0.003829
0.003850
0.003972
0.003776
0.004056
0.004447
0.004776
0.004405
0.003793
0.005338
0.004190
0.003867
0.004466
0.005166
0.004377
0.005163
0.005448
0.005862
0.004729
0.004504
0.004880
0.005692
0.004649
0.004997
0.004457
0.004543
0.004788
0.004928
0.005607
0.004858
0.004799
0.005171
0.004732
0.004447
0.005802
0.004710
0.004590
0.004682
0.004563
0.005007
0.004845
0.004611
0.004921
0.005591
0.005253
0.004722
0.005897
0.006089
0.005997
0.006415
0.005309
0.006061
0.005468
0.005631
0.005763
0.005576
0.005485
0.005281
0.005796
0.006122
0.005722
0.006325
0.006650
0.005081
0.006085
0.005189
0.005347
0.005405
0.005440
0.005653
0.005530
0.005888
0.007128
0.005260
0.006479
0.006656
0.007364
0.006699
0.007069
0.005806
0.007127
0.007523
0.007150
0.006558
0.006665
0.007265
0.007076
0.007508
0.007165
0.007883
0.006983
0.007944
0.006804
0.007015
0.006540
0.006800
0.006403
0.007366
0.007766
0.007633
0.007838
0.007143
0.007473
0.006247
0.007456
0.008359
0.008695
0.008529
0.007664
0.007799
0.008582
0.007998
0.007166
0.006840
0.007107
0.007588
0.006749
0.006748
0.007657
0.007844
0.011712
0.007915
0.007717
0.007518
0.006802
0.008090
