0.000003
0.000000
0.000003
0.000003
0.000006
0.000005
0.000005
0.000006
0.000006
0.000007
0.000008
0.000009
0.000011
0.000013
0.000014
0.000014
0.000015
0.000019
0.000021
0.000023
0.000026
0.000027
0.000029
0.000032
0.000033
0.000036
0.000038
0.000042
0.000043
0.000046
0.000048
0.000051
0.000054
0.000058
0.000061
0.000064
0.000067
0.000070
0.000075
0.000079
0.000081
0.000085
0.000086
0.000090
0.000094
0.000098
0.000102
0.000105
0.000109
0.000112
0.000171
0.000122
0.000126
0.000130
0.000134
0.000139
0.000143
0.000148
0.000153
0.000158
0.000163
0.000168
0.000173
0.000178
0.000184
0.000168
0.000226
0.000285
0.000151
0.000214
0.000244
0.000231
0.000226
0.000231
0.000220
0.000243
0.000249
0.000257
0.000268
0.000268
0.000327
0.000279
0.000286
0.000292
0.000298
0.000306
0.000314
0.000320
0.000339
0.000344
0.000367
0.000380
0.000481
0.000309
0.000323
0.000375
0.000386
0.000406
0.000400
0.000404
0.000412
0.000419
0.000430
0.000437
0.000465
0.000501
0.000518
0.000494
0.000519
0.000486
0.000496
0.000558
0.000511
0.000522
0.000529
0.000540
0.000547
0.000561
0.000616
0.000656
0.000493
0.000593
0.000659
0.000608
0.000620
0.000633
0.000642
0.000754
0.000700
0.000728
0.000726
0.000738
0.000610
0.000595
0.000721
0.000729
0.000632
0.000537
0.000869
0.000858
0.000744
0.000791
0.000798
0.000821
0.000787
0.000842
0.000950
0.000966
0.000925
0.000876
0.000889
0.000909
0.000919
0.000950
0.001036
0.000967
0.000960
0.000963
0.001039
0.001049
0.001086
0.001063
0.001028
0.001046
0.000898
0.000763
0.000796
0.000808
0.000831
0.000792
0.000801
0.000810
0.000862
0.000831
0.000845
0.000852
0.000858
0.000864
0.000874
0.000885
0.000894
0.000902
0.000913
0.000923
0.000931
0.000941
0.000952
0.000960
0.000971
0.000981
0.000991
0.001001
0.001010
0.001021
0.001031
0.001039
0.001053
0.001061
0.001071
0.001082
0.001092
0.001102
0.001113
0.001123
0.001133
0.001145
0.001155
0.001164
0.001176
0.001187
0.001198
0.001211
0.001268
0.001237
0.001242
0.001255
0.001269
0.001395
0.001328
0.001301
0.001311
0.001394
0.001334
0.001385
0.001354
0.001409
0.001376
0.001390
0.001437
0.001415
0.001467
0.001437
0.001489
0.001462
0.001522
0.001483
0.001497
0.001553
0.001522
0.001576
0.001546
0.001606
0.001575
0.001622
0.001596
0.001657
0.001625
0.001688
0.001647
0.001663
0.001677
0.001766
0.003067
0.001992
0.002703
0.002450
0.002156
0.001773
0.001821
0.001830
0.001804
0.001815
0.001882
0.001884
0.001857
0.001911
0.001882
0.001901
0.001913
0.002053
0.002590
0.002606
0.001973
0.002141
0.002578
0.002023
0.002297
0.002369
0.002054
0.002067
0.002135
0.002093
0.002110
0.002171
0.002138
0.002150
0.002165
0.002182
0.002197
0.002254
0.002226
0.002284
0.002295
0.002273
0.002890
0.002543
0.002334
0.002576
0.003231
0.002364
0.002421
0.002448
0.002412
0.002425
0.002480
0.002507
0.002480
0.002616
0.003049
0.003070
0.002975
0.002598
0.002565
0.002628
0.002596
0.002613
0.002629
0.002644
0.002726
0.002614
0.002674
0.002726
0.002737
0.002872
0.002699
0.003248
0.002764
0.002823
0.002975
0.002837
0.002794
0.002883
0.002825
0.002837
0.002857
0.002874
0.002890
0.002904
0.002921
0.002983
0.002957
0.002973
0.003033
0.003074
0.003024
0.003083
0.003102
0.003146
0.003354
0.004506
0.003175
0.003792
0.003484
0.004427
0.004068
0.004356
0.003803
0.004206
0.003719
0.003520
0.004295
0.003739
0.004112
0.004924
0.004333
0.003962
0.004173
0.004160
0.004178
0.004430
0.003908
0.004645
0.004226
0.003666
0.004236
0.004192
0.004116
0.004043
0.004889
0.004615
0.004138
0.003959
0.004109
0.004056
0.004024
0.004136
0.004068
0.004157
0.004226
0.004120
0.004258
0.004176
0.004259
0.004228
0.004217
0.004385
0.004344
0.004225
0.004346
0.004276
0.004296
0.004439
0.004361
0.004298
0.004583
0.004339
0.004435
0.004425
0.004453
0.004459
0.004496
0.004461
0.004530
0.004593
0.004502
0.004558
0.004532
0.004606
0.004668
0.004592
0.004701
0.004712
0.004860
0.004791
0.004944
0.004881
0.004839
0.004861
0.004959
0.004939
0.004821
0.004894
0.004969
0.004903
0.005122
0.005044
0.005244
0.004988
0.005056
0.005147
0.005316
0.005322
0.005204
0.005223
0.005406
0.005268
0.005254
0.005536
0.005292
0.005255
0.005286
0.005372
0.006792
0.005729
0.006686
0.006313
0.006466
0.006617
0.006591
0.006188
0.006707
0.007270
0.006865
0.005638
0.005652
0.005631
0.005688
0.005729
0.005787
0.005810
0.005823
0.005864
0.005840
0.005971
0.005969
0.005957
0.006193
0.006055
0.005939
0.006097
0.006181
0.006138
0.006132
0.007013
0.007321
0.006388
0.006866
0.007283
0.006449
0.006456
0.008304
0.010702
0.006738
0.006708
0.006307
0.006355
0.006336
0.006401
0.006385
0.006404
