0.000003
0.000002
0.000003
0.000002
0.000003
0.000003
0.000003
0.000003
0.000004
0.000003
0.000003
0.000004
0.000005
0.000007
0.000005
0.000003
0.000004
0.000004
0.000006
0.000010
0.000007
0.000003
0.000005
0.000006
0.000009
0.000013
0.000017
0.000010
0.000004
0.000005
0.000008
0.000007
0.000014
0.000012
0.000055
0.000014
0.000004
0.000007
0.000007
0.000015
0.000017
0.000014
0.000040
0.000098
0.000018
0.000004
0.000006
0.000011
0.000011
0.000012
0.000018
0.000045
0.000036
0.000066
0.000025
0.000005
0.000009
0.000013
0.000020
0.000025
0.000036
0.000044
0.000062
0.000147
0.000108
0.000032
0.000005
0.000009
0.000010
0.000012
0.000030
0.000018
0.000053
0.000026
0.000037
0.000066
0.000254
0.000042
0.000006
0.000012
0.000017
0.000028
0.000031
0.000047
0.000059
0.000077
0.000179
0.000256
0.000170
0.000411
0.000052
0.000007
0.000011
0.000019
0.000019
0.000035
0.000031
0.000027
0.000052
0.000180
0.000084
0.000301
0.000109
0.000465
0.000065
0.000007
0.000015
0.000014
0.000034
0.000022
0.000031
0.000175
0.000288
0.000053
0.000052
0.000318
0.000114
0.001134
0.000685
0.000078
0.000007
0.000014
0.000024
0.000018
0.000052
0.000039
0.000104
0.000039
0.000208
0.000098
0.000343
0.000070
0.001166
0.000745
0.000893
0.000095
0.000008
0.000021
0.000028
0.000046
0.000056
0.000085
0.000106
0.000316
0.000429
0.000340
0.000355
0.000537
0.001242
0.000732
0.002043
0.002681
0.000113
0.000008
0.000018
0.000019
0.000029
0.000056
0.000035
0.000104
0.000103
0.000055
0.000166
0.000367
0.000084
0.000630
0.000375
0.000229
0.001216
0.003070
0.000134
0.000009
0.000028
0.000036
0.000055
0.000069
0.000104
0.000112
0.000173
0.000223
0.000336
0.000358
0.000606
0.000667
0.000862
0.001072
0.001638
0.008239
0.001975
0.000162
0.000010
0.000024
0.000040
0.000029
0.000034
0.000064
0.000128
0.000060
0.000467
0.000073
0.000808
0.000105
0.000644
0.000396
0.000155
0.000287
0.001503
0.000694
0.012529
0.000198
0.000010
0.000041
0.000025
0.000079
0.000094
0.000054
0.000051
0.000201
0.000098
0.000383
0.000435
0.000178
0.000668
0.000137
0.000293
0.003050
0.008316
0.000409
0.002384
0.006512
0.000216
0.000011
0.000031
0.000056
0.000043
0.000097
0.000073
0.000411
0.000120
0.000489
0.000204
0.000096
0.000289
0.001525
0.000439
0.002636
0.000539
0.003527
0.002102
0.004953
0.000980
0.007764
0.000244
0.000011
0.000058
0.000059
0.000092
0.000093
0.000175
0.000226
0.000771
0.000481
0.000822
0.000791
0.001410
0.001594
0.002304
0.002823
0.003355
0.003598
0.005248
0.013039
0.006903
0.008019
0.009346
0.000271
0.000012
0.000043
0.000033
0.000038
0.000130
0.000052
0.000232
0.000073
0.000116
0.000226
0.000463
0.000122
0.000783
0.000465
0.000293
0.000187
0.003758
0.000233
0.013452
0.000537
0.003233
0.004169
0.010691
0.000307
0.000013
0.000086
0.000087
0.000149
0.000050
0.000207
0.000230
0.000812
0.000534
0.000119
0.000887
0.001479
0.001617
0.002519
0.000213
0.003582
0.009886
0.005485
0.005708
0.000545
0.008366
0.009978
0.012169
0.014249
0.000343
0.000013
0.000060
0.000090
0.000066
0.000179
0.000116
0.000239
0.000216
0.001201
0.000245
0.000875
0.000338
0.000158
0.000512
0.003041
0.000664
0.009925
0.002339
0.005777
0.003187
0.008502
0.001944
0.011168
0.005816
0.015571
0.000394
0.000014
0.000132
0.000046
0.000157
0.000179
0.000087
0.000246
0.000423
0.000106
0.000943
0.000920
0.000360
0.001550
0.002460
0.000526
0.003812
0.004302
0.000276
0.005847
0.007812
0.001333
0.010249
0.013504
0.005973
0.154207
0.019728
0.000444
0.000015
0.000086
0.000148
0.000055
0.000171
0.000129
0.000086
0.000117
0.000538
0.000421
0.000931
0.000219
0.004076
0.000191
0.003026
0.000390
0.004165
0.002483
0.006062
0.000639
0.000386
0.004625
0.032596
0.000905
0.127282
0.008231
0.023822
0.000483
0.000015
0.000196
0.000148
0.000280
0.000262
0.000386
0.000970
0.000444
0.001241
0.000923
0.000925
0.001608
0.004026
0.002626
0.003206
0.009958
0.004265
0.006149
0.006256
0.024460
0.009795
0.032982
0.033455
0.132036
0.151939
0.019723
0.057092
0.086936
0.000532
0.000016
0.000131
0.000077
0.000106
0.000070
0.000081
0.000465
0.000252
0.000206
0.000139
0.000908
0.000191
0.004096
0.002461
0.000230
0.003907
0.010875
0.000350
0.006342
0.000349
0.001507
0.004839
0.034965
0.000950
0.001196
0.020167
0.002541
0.010971
0.094974
0.000594
