0.000003
0.000003
0.000002
0.000002
0.000003
0.000003
0.000002
0.000003
0.000004
0.000003
0.000003
0.000004
0.000005
0.000007
0.000005
0.000003
0.000003
0.000004
0.000006
0.000012
0.000007
0.000004
0.000007
0.000011
0.000013
0.000018
0.000020
0.000010
0.000004
0.000004
0.000013
0.000007
0.000024
0.000013
0.000078
0.000014
0.000004
0.000012
0.000007
0.000032
0.000041
0.000016
0.000055
0.000116
0.000019
0.000005
0.000007
0.000030
0.000013
0.000011
0.000022
0.000075
0.000046
0.000084
0.000025
0.000005
0.000020
0.000031
0.000048
0.000064
0.000072
0.000087
0.000094
0.000230
0.000127
0.000033
0.000006
0.000012
0.000012
0.000012
0.000090
0.000018
0.000121
0.000028
0.000046
0.000082
0.000371
0.000043
0.000007
0.000034
0.000075
0.000126
0.000104
0.000132
0.000141
0.000153
0.000412
0.000420
0.000275
0.000473
0.000053
0.000007
0.000021
0.000078
0.000032
0.000223
0.000061
0.000027
0.000093
0.000487
0.000127
0.000586
0.000148
0.000634
0.000066
0.000007
0.000063
0.000023
0.000164
0.000021
0.000046
0.001017
0.001124
0.000063
0.000056
0.000755
0.000148
0.001818
0.000827
0.000079
0.000009
0.000038
0.000176
0.000018
0.000293
0.000079
0.000548
0.000039
0.000775
0.000174
0.000921
0.000076
0.002257
0.001053
0.001138
0.000095
0.000009
0.000112
0.000188
0.000422
0.000371
0.000474
0.000661
0.001726
0.001975
0.000997
0.001057
0.001154
0.002657
0.001207
0.002813
0.003162
0.000112
0.000010
0.000070
0.000046
0.000085
0.000381
0.000034
0.000722
0.000321
0.000054
0.000470
0.001289
0.000091
0.001497
0.000617
0.000320
0.001746
0.004019
0.000135
0.000011
0.000209
0.000421
0.000509
0.000994
0.000662
0.000877
0.001028
0.001254
0.001402
0.001526
0.001645
0.001824
0.001888
0.001984
0.002810
0.012741
0.002229
0.000156
0.000011
0.000131
0.000450
0.000039
0.000042
0.000242
0.000921
0.000065
0.003357
0.000071
0.004048
0.000116
0.002128
0.000733
0.000180
0.000403
0.002864
0.000871
0.017292
0.000177
0.000012
0.000383
0.000101
0.001376
0.001179
0.000125
0.000054
0.001317
0.000257
0.001991
0.002165
0.000325
0.002454
0.000143
0.000479
0.006501
0.017554
0.000560
0.003509
0.007313
0.000206
0.000013
0.000241
0.001031
0.000246
0.001353
0.000299
0.007655
0.000476
0.004645
0.000722
0.000093
0.000809
0.006722
0.001031
0.007313
0.001043
0.008194
0.003717
0.008623
0.001283
0.009348
0.000232
0.000014
0.000731
0.001101
0.001572
0.001387
0.002288
0.003397
0.011116
0.005174
0.006088
0.006762
0.007075
0.007871
0.008335
0.008780
0.008933
0.009429
0.010007
0.027130
0.009948
0.010599
0.010545
0.000267
0.000015
0.000448
0.000233
0.000098
0.003779
0.000059
0.003790
0.000072
0.000256
0.000810
0.003359
0.000119
0.003898
0.001194
0.000605
0.000182
0.011337
0.000253
0.034140
0.000730
0.005414
0.005511
0.013847
0.000301
0.000015
0.001376
0.002470
0.004096
0.000096
0.002784
0.004046
0.014612
0.006862
0.000160
0.008843
0.009715
0.010775
0.011454
0.000247
0.012274
0.037625
0.013423
0.014421
0.000789
0.014649
0.015210
0.020466
0.015238
0.000346
0.000017
0.000838
0.002609
0.000693
0.004197
0.000941
0.004574
0.001962
0.021155
0.001077
0.010351
0.001279
0.000155
0.001639
0.013952
0.001645
0.045434
0.006818
0.016603
0.007120
0.017342
0.003543
0.018697
0.007788
0.018975
0.000380
0.000018
0.002572
0.000549
0.004519
0.004546
0.000347
0.004737
0.006578
0.000108
0.010267
0.011612
0.001391
0.013992
0.014929
0.001693
0.016882
0.017842
0.000299
0.018862
0.018964
0.002369
0.020495
0.027012
0.008549
0.208977
0.022335
0.000427
0.000019
0.001570
0.005885
0.000272
0.004653
0.001075
0.000108
0.000234
0.009349
0.004113
0.012807
0.000524
0.049135
0.000186
0.018311
0.000841
0.020164
0.008911
0.021976
0.001118
0.000466
0.009933
0.076721
0.001287
0.216403
0.010549
0.029155
0.000483
0.000020
0.004792
0.006096
0.011976
0.013010
0.009488
0.043726
0.007765
0.029483
0.012527
0.014399
0.016315
0.056453
0.019898
0.021142
0.068604
0.023321
0.024145
0.025047
0.080428
0.026621
0.084806
0.086663
0.231070
0.271583
0.028794
0.078545
0.093064
0.000529
0.000022
0.002866
0.001306
0.001980
0.000260
0.000137
0.016861
0.002494
0.001192
0.000141
0.016230
0.000229
0.064764
0.022290
0.000225
0.025558
0.085506
0.000426
0.028593
0.000362
0.003400
0.013185
0.105336
0.001457
0.001779
0.035044
0.003484
0.014535
0.126503
0.000599
