0.000002
0.000001
0.000001
0.000002
0.000002
0.000002
0.000002
0.000001
0.000005
0.000002
0.000001
0.000003
0.000005
0.000013
0.000003
0.000002
0.000003
0.000003
0.000021
0.000024
0.000003
0.000002
0.000004
0.000009
0.000017
0.000026
0.000046
0.000004
0.000002
0.000003
0.000010
0.000004
0.000030
0.000026
0.000251
0.000007
0.000002
0.000007
0.000005
0.000033
0.000058
0.000014
0.000143
0.000391
0.000010
0.000003
0.000005
0.000019
0.000013
0.000007
0.000034
0.000160
0.000134
0.000300
0.000012
0.000003
0.000010
0.000020
0.000041
0.000067
0.000145
0.000189
0.000235
0.000615
0.000455
0.000016
0.000003
0.000008
0.000009
0.000010
0.000073
0.000011
0.000203
0.000031
0.000094
0.000250
0.001305
0.000021
0.000003
0.000015
0.000035
0.000082
0.000076
0.000150
0.000180
0.000263
0.000735
0.001094
0.002155
0.002195
0.000026
0.000003
0.000011
0.000035
0.000027
0.000156
0.000079
0.000014
0.000175
0.000818
0.000270
0.001446
0.000419
0.002889
0.000032
0.000003
0.000023
0.000015
0.000086
0.000016
0.000041
0.000608
0.001149
0.000113
0.000054
0.001579
0.000431
0.006783
0.004514
0.000038
0.000004
0.000016
0.000062
0.000018
0.000160
0.000085
0.000347
0.000020
0.000850
0.000305
0.001661
0.000192
0.007165
0.004590
0.006213
0.000045
0.000003
0.000033
0.000061
0.000168
0.000160
0.000272
0.000320
0.001209
0.001822
0.001324
0.001701
0.002861
0.007604
0.004888
0.016663
0.042085
0.000052
0.000003
0.000022
0.000023
0.000048
0.000161
0.000024
0.000362
0.000277
0.000027
0.000688
0.001830
0.000084
0.003534
0.002018
0.000905
0.009241
0.031508
0.000062
0.000004
0.000052
0.000109
0.000156
0.000260
0.000286
0.000342
0.000593
0.000862
0.001402
0.001789
0.003067
0.003702
0.005384
0.006968
0.044795
0.126906
0.037219
0.000072
0.000005
0.000034
0.000110
0.000032
0.000031
0.000191
0.000332
0.000103
0.001973
0.000037
0.004080
0.000210
0.003750
0.002199
0.000324
0.001212
0.028045
0.006643
0.170448
0.000086
0.000005
0.000084
0.000041
0.000302
0.000272
0.000094
0.000037
0.000698
0.000237
0.001535
0.001898
0.000548
0.004095
0.000129
0.001026
0.029282
0.091491
0.002071
0.047704
0.097411
0.000097
0.000005
0.000053
0.000202
0.000095
0.000300
0.000174
0.001634
0.000319
0.002093
0.000645
0.000047
0.001376
0.009348
0.002349
0.022172
0.003975
0.036553
0.019921
0.065345
0.010834
0.139051
0.000106
0.000005
0.000131
0.000212
0.000273
0.000282
0.000651
0.000765
0.003621
0.002307
0.003914
0.004439
0.008804
0.010037
0.018198
0.035677
0.041559
0.041028
0.062226
0.185517
0.105900
0.138741
0.186373
0.000124
0.000005
0.000082
0.000067
0.000055
0.000519
0.000053
0.000771
0.000055
0.000284
0.000736
0.005921
0.000061
0.011733
0.002444
0.001064
0.000155
0.040118
0.000545
0.187576
0.002997
0.045343
0.061254
0.230747
0.000140
0.000005
0.000204
0.000277
0.000480
0.000058
0.000651
0.000738
0.003571
0.002162
0.000164
0.004340
0.008748
0.009667
0.015782
0.000358
0.031741
0.102993
0.064047
0.075417
0.003041
0.135527
0.184474
2.449550
0.333656
0.000157
0.000005
0.000131
0.000312
0.000163
0.000512
0.000309
0.000755
0.000684
0.005165
0.000697
0.004429
0.001372
0.000088
0.002566
0.023002
0.004416
0.105104
0.023871
0.078273
0.038249
0.141498
0.149319
0.231947
0.104006
0.414822
0.000112
0.000004
0.000188
0.000067
0.000426
0.000476
0.000125
0.000711
0.001522
0.000045
0.004008
0.004539
0.001341
0.009824
0.016356
0.003326
0.032870
0.042762
0.000142
0.081308
0.118735
0.014545
0.193087
1.190790
0.104074
6.818445
0.566735
0.000183
0.000006
0.000211
0.000484
0.000103
0.000539
0.000321
0.000081
0.000219
0.002311
0.001634
0.004656
0.000572
0.024833
0.000092
0.023577
0.001434
0.044525
0.024562
0.083039
0.003253
0.000870
0.064956
0.684528
0.006413
3.516552
0.165935
1.886573
0.000195
0.000007
0.000402
0.000465
0.000943
0.001048
0.001400
0.004105
0.001527
0.005447
0.004059
0.004604
0.009486
0.025179
0.016745
0.023934
0.087505
0.043560
0.070227
0.084250
0.348806
0.161913
0.604443
0.721022
3.089996
8.479196
0.571068
8.389473
3.075642
0.000214
0.000007
0.000312
0.000175
0.000265
0.000100
0.000107
0.001831
0.000696
0.000481
0.000095
0.004739
0.000237
0.025797
0.016921
0.000108
0.034192
0.109946
0.000608
0.085756
0.000246
0.015902
0.069861
0.774288
0.006576
0.007630
0.577199
0.050657
0.261575
3.811166
0.000221
