0.000001
0.000001
0.000001
0.000001
0.000002
0.000001
0.000001
0.000002
0.000004
0.000002
0.000002
0.000002
0.000003
0.000009
0.000002
0.000001
0.000002
0.000002
0.000004
0.000015
0.000002
0.000001
0.000003
0.000006
0.000011
0.000017
0.000029
0.000003
0.000001
0.000003
0.000007
0.000003
0.000019
0.000016
0.000156
0.000005
0.000002
0.000004
0.000003
0.000020
0.000036
0.000009
0.000088
0.000320
0.000007
0.000002
0.000003
0.000011
0.000008
0.000004
0.000020
0.000101
0.000078
0.000245
0.000007
0.000002
0.000006
0.000011
0.000024
0.000039
0.000087
0.000111
0.000179
0.000569
0.000405
0.000010
0.000002
0.000005
0.000005
0.000006
0.000042
0.000006
0.000120
0.000019
0.000056
0.000190
0.001295
0.000014
0.000002
0.000010
0.000021
0.000049
0.000049
0.000098
0.000127
0.000214
0.000713
0.001093
0.002176
0.002185
0.000017
0.000002
0.000007
0.000021
0.000016
0.000091
0.000047
0.000009
0.000104
0.000730
0.000223
0.001461
0.000403
0.002988
0.000021
0.000002
0.000014
0.000009
0.000052
0.000011
0.000025
0.000584
0.001102
0.000067
0.000032
0.001514
0.000400
0.007082
0.004668
0.000024
0.000002
0.000010
0.000038
0.000011
0.000106
0.000051
0.000259
0.000013
0.000790
0.000245
0.001657
0.000145
0.007402
0.004809
0.006561
0.000030
0.000002
0.000020
0.000037
0.000099
0.000097
0.000229
0.000270
0.001200
0.001793
0.001317
0.001730
0.002997
0.007887
0.005103
0.017355
0.048921
0.000038
0.000003
0.000015
0.000016
0.000033
0.000106
0.000023
0.000312
0.000281
0.000020
0.000717
0.002012
0.000058
0.003832
0.002298
0.000979
0.010406
0.036203
0.000057
0.000003
0.000033
0.000068
0.000109
0.000228
0.000257
0.000306
0.000606
0.000903
0.001519
0.002059
0.003638
0.004440
0.006248
0.007985
0.051346
0.147505
0.039774
0.000048
0.000003
0.000021
0.000065
0.000019
0.000020
0.000117
0.000292
0.000055
0.001946
0.000024
0.004221
0.000170
0.003956
0.002339
0.000287
0.001214
0.028776
0.006763
0.179375
0.000059
0.000003
0.000057
0.000026
0.000218
0.000230
0.000059
0.000024
0.000616
0.000182
0.001542
0.002011
0.000553
0.004285
0.000084
0.001029
0.030975
0.096168
0.002030
0.050039
0.102641
0.000064
0.000003
0.000033
0.000121
0.000059
0.000225
0.000122
0.001661
0.000284
0.002142
0.000637
0.000031
0.001368
0.009658
0.002467
0.022444
0.004038
0.038947
0.021111
0.069371
0.011993
0.150093
0.000077
0.000004
0.000080
0.000122
0.000219
0.000248
0.000846
0.000999
0.004447
0.002986
0.004032
0.004581
0.009004
0.010381
0.016968
0.024333
0.033799
0.042438
0.064732
0.196961
0.112225
0.144690
0.191091
0.000081
0.000004
0.000050
0.000040
0.000034
0.000477
0.000033
0.000693
0.000033
0.000204
0.000669
0.006055
0.000039
0.012126
0.002559
0.001062
0.000105
0.042005
0.000519
0.195329
0.003093
0.047313
0.064054
0.242092
0.000088
0.000004
0.000118
0.000210
0.000418
0.000034
0.000568
0.000683
0.003674
0.002200
0.000110
0.004452
0.008983
0.010019
0.016456
0.000322
0.033310
0.108793
0.068132
0.079238
0.003142
0.148970
0.201915
2.674178
0.370361
0.000109
0.000005
0.000082
0.000228
0.000117
0.000506
0.000282
0.000771
0.000690
0.005641
0.000714
0.004863
0.001462
0.000050
0.002799
0.025480
0.004832
0.116842
0.026403
0.086857
0.042337
0.156131
0.165259
0.259067
0.117826
0.488936
0.000148
0.000004
0.000215
0.000077
0.000483
0.000543
0.000142
0.000813
0.001738
0.000050
0.004540
0.005248
0.001573
0.011639
0.019439
0.003616
0.038004
0.049752
0.000167
0.092842
0.137843
0.016924
0.221952
1.483944
0.124259
7.802117
0.658461
0.000135
0.000004
0.000128
0.000420
0.000065
0.000539
0.000296
0.000054
0.000146
0.002462
0.001754
0.004989
0.000554
0.027197
0.000062
0.025997
0.001567
0.048024
0.027550
0.093743
0.003634
0.000932
0.077855
0.795195
0.007319
4.243711
0.202663
2.009105
0.000135
0.000005
0.000291
0.000380
0.000863
0.001015
0.001384
0.004106
0.001502
0.005416
0.003981
0.004697
0.009434
0.025002
0.016793
0.024104
0.087741
0.043920
0.070903
0.085050
0.352266
0.162572
0.601967
0.720945
3.112427
8.514220
0.573633
8.422875
3.090152
0.000149
0.000004
0.000182
0.000115
0.000208
0.000059
0.000062
0.001703
0.000635
0.000417
0.000056
0.004655
0.000182
0.025488
0.017017
0.000065
0.034268
0.110568
0.000554
0.085970
0.000187
0.015912
0.070090
0.758212
0.006475
0.007604
0.577393
0.050589
0.261948
3.838985
0.000163
