0.000002
0.000001
0.000001
0.000002
0.000002
0.000002
0.000001
0.000002
0.000005
0.000002
0.000002
0.000003
0.000006
0.000014
0.000003
0.000002
0.000002
0.000002
0.000006
0.000025
0.000004
0.000002
0.000004
0.000009
0.000017
0.000027
0.000047
0.000005
0.000002
0.000004
0.000010
0.000004
0.000031
0.000027
0.000208
0.000007
0.000002
0.000007
0.000005
0.000034
0.000059
0.000015
0.000146
0.000367
0.000009
0.000003
0.000005
0.000018
0.000013
0.000006
0.000033
0.000154
0.000126
0.000310
0.000012
0.000003
0.000010
0.000020
0.000041
0.000067
0.000145
0.000189
0.000235
0.000614
0.000456
0.000016
0.000003
0.000008
0.000009
0.000010
0.000071
0.000010
0.000201
0.000031
0.000094
0.000251
0.001308
0.000021
0.000003
0.000015
0.000035
0.000081
0.000076
0.000152
0.000180
0.000264
0.000732
0.001099
0.002162
0.002182
0.000026
0.000003
0.000011
0.000035
0.000027
0.000156
0.000079
0.000015
0.000176
0.000779
0.000263
0.001461
0.000419
0.002939
0.000032
0.000004
0.000024
0.000014
0.000099
0.000016
0.000040
0.000593
0.001145
0.000112
0.000053
0.001595
0.000454
0.007008
0.004575
0.000036
0.000003
0.000017
0.000067
0.000019
0.000176
0.000094
0.000360
0.000021
0.000882
0.000295
0.001678
0.000199
0.007221
0.004666
0.006313
0.000045
0.000003
0.000034
0.000061
0.000168
0.000161
0.000272
0.000311
0.001199
0.001770
0.001321
0.001697
0.002850
0.007652
0.004880
0.016629
0.042157
0.000053
0.000003
0.000023
0.000024
0.000050
0.000166
0.000025
0.000321
0.000284
0.000028
0.000669
0.001758
0.000086
0.003561
0.002098
0.000922
0.009352
0.031614
0.000060
0.000004
0.000051
0.000106
0.000151
0.000254
0.000279
0.000381
0.000594
0.000863
0.001409
0.001796
0.003080
0.003621
0.005339
0.006971
0.044676
0.126746
0.037014
0.000072
0.000004
0.000035
0.000112
0.000032
0.000045
0.000185
0.000324
0.000086
0.002010
0.000038
0.004076
0.000209
0.003755
0.002200
0.000320
0.001205
0.027258
0.006405
0.170713
0.000084
0.000005
0.000088
0.000043
0.000288
0.000308
0.000094
0.000037
0.000672
0.000245
0.001543
0.001916
0.000549
0.004047
0.000128
0.001029
0.030015
0.091564
0.001993
0.047448
0.099136
0.000097
0.000005
0.000053
0.000201
0.000094
0.000276
0.000184
0.001643
0.000331
0.002084
0.000649
0.000046
0.001392
0.009361
0.002347
0.021476
0.004006
0.036137
0.020070
0.065853
0.010788
0.134572
0.000116
0.000005
0.000137
0.000195
0.000291
0.000283
0.000623
0.000756
0.003711
0.002250
0.003867
0.004447
0.008767
0.011170
0.016549
0.023491
0.032396
0.040858
0.061936
0.190153
0.108327
0.139460
0.188212
0.000077
0.000004
0.000047
0.000038
0.000032
0.000473
0.000033
0.000696
0.000033
0.000186
0.000653
0.005845
0.000037
0.011682
0.002388
0.001065
0.000107
0.040114
0.000492
0.185705
0.002945
0.045160
0.060826
0.230959
0.000087
0.000003
0.000115
0.000204
0.000407
0.000034
0.000567
0.000682
0.003476
0.002130
0.000105
0.004266
0.008550
0.009505
0.015765
0.000306
0.031679
0.102936
0.064029
0.074701
0.002986
0.135793
0.184726
2.417422
0.333468
0.000097
0.000004
0.000074
0.000204
0.000105
0.000455
0.000267
0.000691
0.000609
0.005211
0.000643
0.004451
0.001435
0.000047
0.002498
0.023184
0.004303
0.105228
0.023788
0.078334
0.037947
0.140818
0.149719
0.232592
0.103201
0.414929
0.000109
0.000004
0.000182
0.000065
0.000413
0.000458
0.000133
0.000696
0.001487
0.000043
0.003843
0.004475
0.001334
0.009665
0.016389
0.003220
0.032838
0.042670
0.000141
0.082310
0.118903
0.014430
0.192680
1.186339
0.103924
6.819150
0.567579
0.000118
0.000004
0.000113
0.000414
0.000057
0.000449
0.000253
0.000046
0.000142
0.002216
0.001575
0.004548
0.000498
0.024494
0.000055
0.023546
0.001379
0.043290
0.024584
0.083012
0.003181
0.000814
0.065247
0.686442
0.006524
3.524620
0.166351
1.892501
0.000192
0.000007
0.000401
0.000438
0.000905
0.001045
0.001400
0.004177
0.001555
0.005397
0.003997
0.004600
0.009488
0.024856
0.016948
0.024011
0.087279
0.043569
0.069355
0.086405
0.349593
0.161964
0.605569
0.724696
3.096010
8.505307
0.572943
8.404505
3.083783
0.000145
0.000004
0.000179
0.000113
0.000203
0.000057
0.000061
0.001711
0.000648
0.000414
0.000055
0.004649
0.000182
0.025289
0.016981
0.000064
0.034178
0.110265
0.000554
0.085761
0.000187
0.015801
0.070006
0.756136
0.006464
0.007514
0.577757
0.050314
0.261777
3.818785
0.000159
