0.000002
0.000001
0.000002
0.000002
0.000002
0.000002
0.000002
0.000001
0.000005
0.000002
0.000002
0.000003
0.000006
0.000014
0.000002
0.000001
0.000002
0.000003
0.000006
0.000024
0.000003
0.000002
0.000004
0.000010
0.000017
0.000027
0.000047
0.000005
0.000002
0.000004
0.000010
0.000004
0.000031
0.000027
0.000210
0.000006
0.000002
0.000006
0.000005
0.000033
0.000059
0.000015
0.000145
0.000366
0.000010
0.000003
0.000005
0.000018
0.000013
0.000006
0.000033
0.000151
0.000134
0.000298
0.000012
0.000002
0.000010
0.000021
0.000041
0.000067
0.000145
0.000189
0.000234
0.000614
0.000455
0.000016
0.000003
0.000007
0.000009
0.000010
0.000072
0.000010
0.000202
0.000030
0.000094
0.000260
0.001298
0.000021
0.000003
0.000015
0.000036
0.000081
0.000075
0.000152
0.000180
0.000263
0.000732
0.001100
0.002125
0.002181
0.000026
0.000003
0.000011
0.000035
0.000027
0.000146
0.000079
0.000015
0.000170
0.000754
0.000281
0.001456
0.000440
0.002903
0.000031
0.000003
0.000022
0.000014
0.000084
0.000016
0.000040
0.000596
0.001143
0.000114
0.000053
0.001596
0.000431
0.007055
0.004560
0.000049
0.000003
0.000016
0.000061
0.000018
0.000160
0.000086
0.000356
0.000020
0.000886
0.000294
0.001673
0.000199
0.007200
0.004642
0.006305
0.000044
0.000004
0.000033
0.000060
0.000162
0.000156
0.000332
0.000312
0.001224
0.001793
0.001353
0.001713
0.002778
0.007675
0.004737
0.016494
0.042108
0.000053
0.000004
0.000023
0.000024
0.000049
0.000165
0.000025
0.000371
0.000283
0.000027
0.000650
0.001753
0.000085
0.003514
0.002028
0.000890
0.009262
0.031452
0.000060
0.000004
0.000050
0.000106
0.000152
0.000255
0.000304
0.000335
0.000596
0.000860
0.001402
0.001792
0.003039
0.003667
0.005336
0.006960
0.044788
0.126869
0.036917
0.000070
0.000005
0.000034
0.000108
0.000031
0.000031
0.000186
0.000324
0.000102
0.002005
0.000038
0.004058
0.000211
0.003800
0.002198
0.000319
0.001195
0.027205
0.006463
0.167850
0.000083
0.000005
0.000083
0.000055
0.000296
0.000286
0.000099
0.000039
0.000708
0.000237
0.001549
0.001900
0.000549
0.004054
0.000128
0.001027
0.029383
0.096911
0.001983
0.047898
0.097475
0.000096
0.000004
0.000057
0.000218
0.000095
0.000277
0.000169
0.001672
0.000328
0.002070
0.000648
0.000046
0.001399
0.009316
0.002351
0.021528
0.003943
0.036198
0.020489
0.065931
0.010920
0.139318
0.000114
0.000006
0.000142
0.000198
0.000274
0.000322
0.000644
0.000758
0.003608
0.002215
0.003802
0.004442
0.008655
0.009881
0.016185
0.023091
0.031860
0.040314
0.061750
0.186089
0.106878
0.139774
0.189550
0.000123
0.000005
0.000083
0.000066
0.000054
0.000524
0.000053
0.000770
0.000052
0.000268
0.000736
0.005984
0.000062
0.011717
0.002441
0.001065
0.000177
0.040078
0.000550
0.186766
0.003027
0.045100
0.060665
0.231094
0.000139
0.000006
0.000205
0.000275
0.000477
0.000057
0.000651
0.000738
0.003547
0.002133
0.000159
0.004396
0.008665
0.009617
0.015832
0.000367
0.031916
0.102675
0.064052
0.074598
0.003034
0.135666
0.184485
2.421581
0.336783
0.000155
0.000006
0.000130
0.000311
0.000162
0.000510
0.000325
0.000746
0.000664
0.005226
0.000716
0.004460
0.001416
0.000076
0.002579
0.023244
0.004361
0.105210
0.023737
0.078185
0.037908
0.140462
0.149952
0.231902
0.102908
0.414844
0.000161
0.000005
0.000285
0.000114
0.000475
0.000514
0.000178
0.000780
0.001552
0.000073
0.003995
0.004533
0.001388
0.009730
0.016521
0.003326
0.032746
0.043291
0.000214
0.082838
0.118354
0.014531
0.192003
1.186959
0.103767
6.822044
0.566287
0.000182
0.000006
0.000206
0.000451
0.000114
0.000537
0.000321
0.000082
0.000204
0.002272
0.001674
0.004736
0.000578
0.024906
0.000090
0.023778
0.001451
0.043232
0.024613
0.083001
0.003234
0.000870
0.064914
0.683773
0.006421
3.561900
0.166473
1.889699
0.000191
0.000006
0.000391
0.000457
0.000906
0.001042
0.001436
0.004121
0.001524
0.005407
0.003997
0.004609
0.009481
0.025022
0.016744
0.024230
0.087487
0.043569
0.069462
0.085890
0.349151
0.162205
0.643069
0.721614
3.097626
8.551213
0.573867
8.425674
3.077505
0.000203
0.000006
0.000286
0.000170
0.000284
0.000105
0.000113
0.001829
0.000699
0.000469
0.000093
0.004736
0.000235
0.025518
0.017144
0.000111
0.034113
0.110241
0.000599
0.085800
0.000242
0.015959
0.070488
0.753614
0.006502
0.007651
0.575122
0.050128
0.261748
3.815467
0.000222
