0.000002
0.000002
0.000001
0.000001
0.000002
0.000001
0.000001
0.000001
0.000003
0.000001
0.000001
0.000002
0.000005
0.000008
0.000002
0.000001
0.000002
0.000002
0.000003
0.000014
0.000002
0.000001
0.000002
0.000005
0.000010
0.000016
0.000027
0.000003
0.000001
0.000003
0.000006
0.000003
0.000017
0.000015
0.000150
0.000005
0.000001
0.000004
0.000003
0.000020
0.000034
0.000009
0.000084
0.000287
0.000006
0.000002
0.000003
0.000011
0.000008
0.000004
0.000019
0.000094
0.000073
0.000227
0.000007
0.000002
0.000006
0.000011
0.000022
0.000036
0.000079
0.000102
0.000166
0.000525
0.000376
0.000010
0.000002
0.000005
0.000005
0.000006
0.000040
0.000006
0.000111
0.000030
0.000053
0.000179
0.001216
0.000014
0.000002
0.000008
0.000020
0.000045
0.000043
0.000091
0.000118
0.000198
0.000655
0.001011
0.002043
0.002126
0.000016
0.000002
0.000006
0.000020
0.000016
0.000087
0.000045
0.000009
0.000099
0.000679
0.000226
0.001350
0.000362
0.002832
0.000021
0.000002
0.000013
0.000010
0.000049
0.000010
0.000024
0.000554
0.001085
0.000067
0.000032
0.001497
0.000375
0.006709
0.004366
0.000024
0.000002
0.000010
0.000034
0.000011
0.000090
0.000049
0.000247
0.000012
0.000736
0.000243
0.001569
0.000135
0.007078
0.004532
0.006158
0.000028
0.000003
0.000019
0.000035
0.000094
0.000091
0.000216
0.000256
0.001153
0.001713
0.001266
0.001643
0.002797
0.007566
0.004730
0.016580
0.042042
0.000034
0.000003
0.000014
0.000014
0.000029
0.000103
0.000016
0.000267
0.000228
0.000017
0.000556
0.001708
0.000051
0.003431
0.001924
0.000835
0.009184
0.031596
0.000040
0.000002
0.000029
0.000062
0.000098
0.000204
0.000229
0.000299
0.000535
0.000806
0.001351
0.001808
0.003029
0.003666
0.005286
0.007090
0.044865
0.126734
0.036954
0.000045
0.000003
0.000020
0.000061
0.000018
0.000019
0.000107
0.000271
0.000051
0.001879
0.000023
0.003961
0.000157
0.003692
0.002197
0.000265
0.001124
0.027138
0.006319
0.166485
0.000053
0.000003
0.000048
0.000024
0.000206
0.000202
0.000052
0.000021
0.000604
0.000168
0.001409
0.001793
0.000479
0.003892
0.000078
0.000950
0.027888
0.086243
0.001877
0.047051
0.097238
0.000058
0.000002
0.000030
0.000108
0.000053
0.000204
0.000110
0.001601
0.000255
0.002018
0.000606
0.000028
0.001264
0.009203
0.002343
0.023206
0.003897
0.036090
0.019857
0.065187
0.010727
0.130701
0.000071
0.000003
0.000077
0.000118
0.000211
0.000224
0.000565
0.000678
0.003392
0.002056
0.003624
0.004174
0.008275
0.009402
0.015346
0.021810
0.030120
0.038254
0.059340
0.174932
0.100772
0.131113
0.181339
0.000077
0.000004
0.000048
0.000037
0.000032
0.000453
0.000031
0.000679
0.000031
0.000181
0.000634
0.005736
0.000037
0.011509
0.002386
0.001013
0.000102
0.039917
0.000493
0.186236
0.002944
0.045199
0.060731
0.230608
0.000086
0.000003
0.000115
0.000204
0.000406
0.000034
0.000573
0.000682
0.003460
0.002136
0.000105
0.004334
0.008758
0.009617
0.015742
0.000305
0.032148
0.103221
0.063951
0.074563
0.002981
0.135241
0.185076
2.411209
0.332758
0.000097
0.000003
0.000074
0.000205
0.000105
0.000456
0.000253
0.000673
0.000594
0.005083
0.000642
0.004376
0.001317
0.000046
0.002485
0.022978
0.004313
0.105029
0.023597
0.078592
0.038032
0.140381
0.148355
0.232954
0.103042
0.414669
0.000109
0.000003
0.000183
0.000065
0.000432
0.000472
0.000122
0.000696
0.001474
0.000044
0.003886
0.004484
0.001331
0.009680
0.016359
0.003239
0.032947
0.042759
0.000141
0.081170
0.119050
0.014443
0.193359
1.186137
0.104292
6.815033
0.566116
0.000122
0.000004
0.000119
0.000394
0.000055
0.000439
0.000326
0.000045
0.000124
0.002164
0.001628
0.004548
0.000498
0.024606
0.000054
0.023513
0.001370
0.043485
0.024695
0.083362
0.003187
0.000812
0.064817
0.682960
0.006368
3.523406
0.167477
1.890930
0.000151
0.000006
0.000301
0.000381
0.000879
0.000991
0.001344
0.004025
0.001500
0.005280
0.003988
0.004653
0.009430
0.024845
0.016825
0.023851
0.088921
0.043726
0.069482
0.084451
0.351479
0.160877
0.604486
0.721480
3.096070
8.476178
0.571551
8.395194
3.101866
0.000146
0.000004
0.000201
0.000114
0.000204
0.000079
0.000063
0.001667
0.000655
0.000425
0.000056
0.004661
0.000182
0.025523
0.016888
0.000067
0.033989
0.109979
0.000540
0.085875
0.000181
0.015703
0.070001
0.753516
0.006479
0.007513
0.576367
0.050480
0.260612
3.819837
0.000194
