0.000002
0.000002
0.000002
0.000001
0.000002
0.000001
0.000001
0.000001
0.000004
0.000002
0.000001
0.000002
0.000004
0.000009
0.000002
0.000001
0.000002
0.000002
0.000004
0.000014
0.000002
0.000001
0.000002
0.000005
0.000010
0.000015
0.000028
0.000003
0.000002
0.000002
0.000006
0.000003
0.000018
0.000015
0.000150
0.000005
0.000001
0.000004
0.000003
0.000019
0.000034
0.000008
0.000088
0.000285
0.000006
0.000002
0.000004
0.000010
0.000008
0.000005
0.000019
0.000093
0.000072
0.000228
0.000007
0.000002
0.000006
0.000012
0.000022
0.000037
0.000079
0.000102
0.000170
0.000539
0.000386
0.000010
0.000002
0.000005
0.000006
0.000006
0.000041
0.000006
0.000112
0.000017
0.000053
0.000179
0.001230
0.000013
0.000002
0.000011
0.000020
0.000045
0.000043
0.000090
0.000117
0.000198
0.000657
0.001010
0.002042
0.002180
0.000017
0.000003
0.000007
0.000021
0.000016
0.000090
0.000046
0.000009
0.000102
0.000696
0.000207
0.001348
0.000363
0.002826
0.000020
0.000003
0.000014
0.000009
0.000049
0.000010
0.000025
0.000553
0.001058
0.000065
0.000031
0.001473
0.000377
0.006697
0.004434
0.000024
0.000003
0.000009
0.000034
0.000011
0.000090
0.000049
0.000247
0.000012
0.000732
0.000224
0.001582
0.000137
0.007135
0.004517
0.006161
0.000028
0.000002
0.000019
0.000034
0.000093
0.000092
0.000220
0.000273
0.001160
0.001710
0.001289
0.001672
0.002796
0.007580
0.004648
0.016697
0.042052
0.000033
0.000002
0.000014
0.000014
0.000029
0.000094
0.000014
0.000267
0.000228
0.000017
0.000598
0.001702
0.000052
0.003471
0.001971
0.000858
0.009273
0.032249
0.000038
0.000003
0.000030
0.000062
0.000098
0.000203
0.000229
0.000276
0.000524
0.000816
0.001389
0.001760
0.003087
0.003671
0.005434
0.007071
0.045270
0.127673
0.037298
0.000046
0.000002
0.000020
0.000062
0.000019
0.000019
0.000110
0.000277
0.000053
0.001880
0.000024
0.003931
0.000156
0.003781
0.002208
0.000272
0.001156
0.027376
0.006333
0.167182
0.000055
0.000003
0.000049
0.000024
0.000207
0.000218
0.000056
0.000022
0.000583
0.000173
0.001450
0.001857
0.000504
0.004072
0.000091
0.000974
0.029548
0.093681
0.002069
0.050048
0.099255
0.000060
0.000003
0.000030
0.000111
0.000054
0.000209
0.000113
0.001567
0.000263
0.002062
0.000625
0.000029
0.001296
0.009345
0.002384
0.021403
0.003964
0.036288
0.019996
0.065426
0.010930
0.134934
0.000071
0.000003
0.000078
0.000118
0.000211
0.000225
0.000568
0.000701
0.003538
0.002185
0.003777
0.004316
0.008589
0.009904
0.016079
0.023252
0.032213
0.040804
0.061947
0.188821
0.108587
0.142203
0.190969
0.000078
0.000003
0.000047
0.000038
0.000033
0.000453
0.000032
0.000661
0.000031
0.000177
0.000655
0.005913
0.000038
0.011821
0.002434
0.001066
0.000104
0.040599
0.000509
0.188161
0.003122
0.045725
0.061569
0.231345
0.000089
0.000003
0.000118
0.000210
0.000419
0.000034
0.000568
0.000681
0.003561
0.002133
0.000109
0.004312
0.008554
0.009680
0.016100
0.000306
0.031969
0.103946
0.064497
0.075080
0.002981
0.135501
0.184681
2.424842
0.333696
0.000098
0.000004
0.000075
0.000205
0.000105
0.000455
0.000254
0.000690
0.000611
0.005153
0.000645
0.004372
0.001360
0.000048
0.002525
0.023082
0.004364
0.105179
0.023673
0.078440
0.038119
0.141893
0.149298
0.233472
0.103423
0.416873
0.000109
0.000004
0.000182
0.000065
0.000412
0.000481
0.000122
0.000697
0.001481
0.000043
0.003933
0.004548
0.001389
0.009726
0.016450
0.003230
0.032733
0.042934
0.000141
0.081456
0.118893
0.014639
0.193822
1.188510
0.104242
6.837082
0.567797
0.000121
0.000004
0.000116
0.000379
0.000058
0.000461
0.000260
0.000047
0.000128
0.002237
0.001611
0.004613
0.000510
0.024594
0.000056
0.023610
0.001382
0.043894
0.024899
0.083565
0.003181
0.000832
0.065247
0.686562
0.006499
3.532525
0.167104
1.892684
0.000134
0.000005
0.000290
0.000384
0.000847
0.001000
0.001348
0.004058
0.001505
0.005340
0.003938
0.004599
0.009582
0.024882
0.016812
0.024173
0.088132
0.043624
0.069780
0.084632
0.350402
0.161480
0.604837
0.724719
3.100449
8.524811
0.574438
8.417193
3.089576
0.000164
0.000004
0.000183
0.000115
0.000208
0.000059
0.000063
0.001718
0.000640
0.000426
0.000056
0.004670
0.000183
0.025441
0.016962
0.000067
0.034121
0.110510
0.000556
0.085753
0.000187
0.015841
0.070026
0.756142
0.006570
0.007517
0.577369
0.050564
0.261846
3.827651
0.000163
