0.000007
0.000001
0.000001
0.000001
0.000002
0.000001
0.000001
0.000001
0.000003
0.000001
0.000002
0.000002
0.000004
0.000009
0.000002
0.000002
0.000002
0.000002
0.000003
0.000015
0.000002
0.000002
0.000003
0.000005
0.000010
0.000016
0.000028
0.000003
0.000002
0.000002
0.000006
0.000003
0.000018
0.000016
0.000151
0.000005
0.000002
0.000004
0.000003
0.000020
0.000034
0.000009
0.000084
0.000287
0.000005
0.000002
0.000003
0.000011
0.000008
0.000004
0.000019
0.000094
0.000072
0.000247
0.000008
0.000002
0.000006
0.000011
0.000023
0.000037
0.000080
0.000105
0.000171
0.000546
0.000375
0.000010
0.000002
0.000005
0.000006
0.000005
0.000039
0.000006
0.000110
0.000017
0.000051
0.000174
0.001206
0.000013
0.000001
0.000009
0.000020
0.000045
0.000043
0.000090
0.000118
0.000199
0.000654
0.001012
0.002011
0.002072
0.000016
0.000002
0.000006
0.000020
0.000016
0.000086
0.000045
0.000009
0.000100
0.000678
0.000200
0.001314
0.000353
0.002759
0.000020
0.000002
0.000013
0.000009
0.000048
0.000010
0.000024
0.000538
0.001029
0.000063
0.000031
0.001438
0.000366
0.006715
0.004821
0.000025
0.000002
0.000009
0.000034
0.000011
0.000090
0.000049
0.000247
0.000012
0.000735
0.000225
0.001605
0.000139
0.007260
0.004534
0.006218
0.000027
0.000002
0.000018
0.000034
0.000089
0.000088
0.000207
0.000246
0.001162
0.001688
0.001235
0.001600
0.002744
0.007637
0.004959
0.016654
0.042693
0.000033
0.000002
0.000013
0.000014
0.000028
0.000093
0.000015
0.000260
0.000267
0.000016
0.000544
0.001666
0.000051
0.003386
0.001920
0.000837
0.009078
0.030962
0.000039
0.000002
0.000029
0.000059
0.000096
0.000199
0.000223
0.000265
0.000527
0.000784
0.001315
0.001772
0.003144
0.003620
0.005283
0.006877
0.044310
0.126572
0.036875
0.000044
0.000003
0.000019
0.000060
0.000018
0.000019
0.000107
0.000270
0.000050
0.001890
0.000023
0.003980
0.000156
0.003749
0.002225
0.000272
0.001142
0.027144
0.006343
0.173744
0.000055
0.000003
0.000049
0.000024
0.000207
0.000221
0.000080
0.000030
0.000799
0.000187
0.001652
0.001840
0.000497
0.004418
0.000123
0.001017
0.030787
0.092998
0.001872
0.047744
0.097264
0.000061
0.000003
0.000031
0.000112
0.000054
0.000209
0.000114
0.001571
0.000261
0.002035
0.000604
0.000028
0.001264
0.009175
0.002299
0.021318
0.003836
0.036052
0.019906
0.066426
0.010834
0.140320
0.000071
0.000004
0.000076
0.000115
0.000206
0.000218
0.000552
0.000696
0.003792
0.002177
0.003857
0.004479
0.008747
0.010363
0.016792
0.023765
0.032729
0.041564
0.062867
0.190218
0.108892
0.142141
0.185690
0.000078
0.000003
0.000047
0.000037
0.000033
0.000452
0.000031
0.000660
0.000031
0.000191
0.000651
0.005845
0.000037
0.011774
0.002398
0.001015
0.000102
0.040062
0.000493
0.186407
0.002946
0.045050
0.060681
0.231198
0.000085
0.000004
0.000112
0.000199
0.000414
0.000034
0.000568
0.000682
0.003501
0.002080
0.000105
0.004266
0.008597
0.009533
0.015657
0.000304
0.031695
0.102631
0.063875
0.074516
0.002995
0.136374
0.184734
2.421397
0.333563
0.000158
0.000003
0.000074
0.000205
0.000104
0.000455
0.000270
0.000691
0.000608
0.005075
0.000642
0.004404
0.001317
0.000045
0.002437
0.023013
0.004274
0.104830
0.023535
0.078024
0.037883
0.140613
0.150954
0.231743
0.102946
0.415758
0.000107
0.000004
0.000177
0.000064
0.000401
0.000474
0.000122
0.000695
0.001475
0.000044
0.003911
0.004471
0.001331
0.009619
0.016492
0.003219
0.032407
0.042749
0.000142
0.082853
0.118505
0.014415
0.192458
1.187093
0.103959
6.849132
0.585626
0.000121
0.000004
0.000116
0.000379
0.000057
0.000475
0.000264
0.000048
0.000132
0.002205
0.001576
0.004545
0.000497
0.024723
0.000054
0.023728
0.001380
0.043361
0.024656
0.082921
0.003202
0.000837
0.067230
0.694657
0.006467
3.519427
0.165838
1.892085
0.000196
0.000006
0.000416
0.000438
0.000946
0.001048
0.001400
0.004103
0.001525
0.005463
0.004088
0.004654
0.009613
0.025056
0.016797
0.023905
0.087353
0.043500
0.069665
0.085910
0.347576
0.162021
0.604798
0.732545
3.104216
8.493098
0.571238
8.438880
3.075261
0.000210
0.000007
0.000296
0.000175
0.000282
0.000103
0.000110
0.001781
0.000683
0.000492
0.000095
0.004729
0.000237
0.025579
0.017027
0.000110
0.033933
0.109873
0.000594
0.085591
0.000234
0.015712
0.070190
0.752734
0.006518
0.007575
0.574314
0.050084
0.263839
3.806282
0.000224
