0.000002
0.000001
0.000001
0.000002
0.000001
0.000002
0.000001
0.000001
0.000003
0.000001
0.000001
0.000002
0.000004
0.000008
0.000002
0.000001
0.000002
0.000002
0.000004
0.000014
0.000002
0.000002
0.000002
0.000006
0.000010
0.000015
0.000026
0.000003
0.000002
0.000002
0.000006
0.000002
0.000017
0.000016
0.000146
0.000004
0.000002
0.000004
0.000003
0.000019
0.000033
0.000009
0.000081
0.000279
0.000006
0.000001
0.000004
0.000011
0.000008
0.000004
0.000019
0.000094
0.000072
0.000227
0.000007
0.000002
0.000006
0.000011
0.000023
0.000036
0.000078
0.000102
0.000166
0.000526
0.000377
0.000010
0.000001
0.000004
0.000005
0.000005
0.000053
0.000007
0.000117
0.000018
0.000055
0.000186
0.001243
0.000013
0.000002
0.000009
0.000020
0.000045
0.000043
0.000091
0.000118
0.000198
0.000654
0.001011
0.002039
0.002085
0.000016
0.000002
0.000006
0.000021
0.000015
0.000087
0.000045
0.000008
0.000099
0.000695
0.000207
0.001349
0.000362
0.002827
0.000020
0.000002
0.000014
0.000009
0.000048
0.000010
0.000025
0.000553
0.001055
0.000065
0.000032
0.001472
0.000376
0.006680
0.004368
0.000024
0.000002
0.000010
0.000034
0.000011
0.000090
0.000049
0.000245
0.000012
0.000731
0.000242
0.001570
0.000140
0.007123
0.004495
0.006153
0.000028
0.000003
0.000019
0.000035
0.000093
0.000091
0.000217
0.000257
0.001125
0.001718
0.001265
0.001640
0.002807
0.007575
0.004736
0.016526
0.042355
0.000032
0.000002
0.000013
0.000014
0.000028
0.000093
0.000014
0.000261
0.000291
0.000016
0.000556
0.001705
0.000052
0.003470
0.001971
0.000857
0.009298
0.031528
0.000040
0.000003
0.000044
0.000062
0.000098
0.000204
0.000230
0.000272
0.000547
0.000804
0.001348
0.001714
0.003020
0.003621
0.005338
0.006916
0.044674
0.126921
0.036903
0.000045
0.000002
0.000019
0.000062
0.000018
0.000019
0.000110
0.000277
0.000052
0.001896
0.000023
0.003961
0.000157
0.003746
0.002146
0.000266
0.001163
0.027298
0.006333
0.167677
0.000056
0.000003
0.000049
0.000024
0.000206
0.000217
0.000056
0.000023
0.000584
0.000172
0.001446
0.001864
0.000504
0.004167
0.000131
0.001056
0.029677
0.092862
0.002088
0.049088
0.097675
0.000097
0.000005
0.000054
0.000202
0.000094
0.000277
0.000170
0.001664
0.000348
0.002148
0.000663
0.000048
0.001405
0.009381
0.002396
0.021572
0.003997
0.036222
0.019842
0.065174
0.010779
0.133485
0.000130
0.000005
0.000133
0.000198
0.000303
0.000283
0.000623
0.000736
0.003536
0.002246
0.003803
0.004431
0.008729
0.009769
0.016052
0.023101
0.031993
0.040451
0.061264
0.185846
0.106789
0.139594
0.189169
0.000123
0.000005
0.000083
0.000066
0.000054
0.000522
0.000052
0.000773
0.000055
0.000280
0.000736
0.005937
0.000060
0.011853
0.002490
0.001109
0.000157
0.040963
0.000576
0.186574
0.003002
0.045216
0.060909
0.230618
0.000135
0.000005
0.000229
0.000287
0.000464
0.000057
0.000666
0.000738
0.003628
0.002190
0.000163
0.004372
0.008778
0.009719
0.015737
0.000358
0.031744
0.103336
0.064110
0.074844
0.003052
0.135691
0.184693
2.418364
0.333299
0.000153
0.000006
0.000131
0.000310
0.000162
0.000510
0.000309
0.000727
0.000672
0.005189
0.000698
0.004433
0.001371
0.000088
0.002569
0.023091
0.004483
0.105849
0.023737
0.078369
0.038006
0.140578
0.149392
0.234311
0.103463
0.415010
0.000161
0.000006
0.000286
0.000114
0.000488
0.000529
0.000180
0.000751
0.001531
0.000073
0.004015
0.004536
0.001387
0.009715
0.016457
0.003269
0.032662
0.042780
0.000194
0.081112
0.119910
0.014529
0.192264
1.186032
0.104741
6.819680
0.567114
0.000185
0.000006
0.000212
0.000461
0.000103
0.000539
0.000342
0.000083
0.000211
0.002325
0.001732
0.004819
0.000567
0.024840
0.000091
0.024037
0.001434
0.043401
0.024699
0.083119
0.003235
0.000867
0.065026
0.683877
0.006420
3.549960
0.167152
1.894181
0.000134
0.000004
0.000290
0.000380
0.000847
0.000995
0.001343
0.004052
0.001507
0.005267
0.003990
0.004552
0.009523
0.025035
0.016932
0.023929
0.087511
0.043528
0.069580
0.084556
0.350937
0.161469
0.607027
0.722900
3.101184
8.506826
0.574216
8.417837
3.089103
0.000149
0.000005
0.000174
0.000110
0.000198
0.000056
0.000060
0.001616
0.000616
0.000395
0.000052
0.004473
0.000174
0.024888
0.016693
0.000065
0.033699
0.110208
0.000555
0.085694
0.000187
0.015796
0.070105
0.757783
0.006477
0.007577
0.578130
0.050452
0.262489
3.823286
0.000159
