0.000001
0.000001
0.000001
0.000001
0.000002
0.000001
0.000001
0.000001
0.000004
0.000001
0.000001
0.000002
0.000003
0.000009
0.000002
0.000001
0.000002
0.000002
0.000003
0.000014
0.000002
0.000001
0.000003
0.000006
0.000010
0.000015
0.000027
0.000003
0.000002
0.000002
0.000006
0.000002
0.000017
0.000015
0.000146
0.000004
0.000001
0.000004
0.000003
0.000019
0.000033
0.000009
0.000081
0.000278
0.000005
0.000002
0.000003
0.000010
0.000008
0.000004
0.000018
0.000092
0.000070
0.000221
0.000007
0.000002
0.000005
0.000027
0.000023
0.000037
0.000081
0.000105
0.000170
0.000538
0.000385
0.000010
0.000002
0.000005
0.000005
0.000005
0.000040
0.000006
0.000113
0.000017
0.000053
0.000180
0.001214
0.000013
0.000002
0.000009
0.000020
0.000045
0.000043
0.000091
0.000118
0.000198
0.000656
0.001009
0.002040
0.002099
0.000017
0.000003
0.000007
0.000021
0.000016
0.000089
0.000046
0.000009
0.000102
0.000697
0.000201
0.001358
0.000362
0.002868
0.000020
0.000002
0.000012
0.000009
0.000047
0.000010
0.000024
0.000537
0.001052
0.000067
0.000032
0.001509
0.000376
0.006705
0.004415
0.000024
0.000002
0.000009
0.000035
0.000010
0.000089
0.000048
0.000247
0.000012
0.000735
0.000225
0.001597
0.000135
0.007007
0.004502
0.006202
0.000029
0.000003
0.000019
0.000035
0.000094
0.000092
0.000218
0.000257
0.001145
0.001713
0.001267
0.001638
0.002774
0.007535
0.004652
0.016923
0.042406
0.000033
0.000002
0.000014
0.000014
0.000028
0.000093
0.000014
0.000261
0.000267
0.000016
0.000543
0.001698
0.000051
0.003435
0.001919
0.000835
0.009203
0.031466
0.000039
0.000002
0.000030
0.000062
0.000098
0.000203
0.000230
0.000273
0.000522
0.000814
0.001346
0.001735
0.002970
0.003628
0.005338
0.007055
0.044907
0.127006
0.036950
0.000045
0.000003
0.000020
0.000062
0.000018
0.000019
0.000110
0.000277
0.000052
0.001896
0.000023
0.003958
0.000157
0.003691
0.002196
0.000265
0.001122
0.027130
0.006327
0.166658
0.000055
0.000003
0.000049
0.000024
0.000206
0.000217
0.000056
0.000022
0.000585
0.000171
0.001503
0.001834
0.000492
0.004044
0.000077
0.000973
0.030354
0.092310
0.001981
0.049054
0.097705
0.000059
0.000003
0.000030
0.000112
0.000054
0.000209
0.000113
0.001570
0.000263
0.002040
0.000604
0.000029
0.001298
0.009297
0.002296
0.021436
0.003833
0.036126
0.019918
0.065206
0.011272
0.151340
0.000073
0.000004
0.000078
0.000118
0.000210
0.000223
0.000568
0.000706
0.003537
0.002162
0.003834
0.004387
0.008825
0.010060
0.016102
0.023462
0.032283
0.040833
0.062035
0.189811
0.112473
0.141129
0.188304
0.000079
0.000003
0.000048
0.000039
0.000033
0.000465
0.000032
0.000717
0.000031
0.000181
0.000687
0.005925
0.000038
0.011759
0.002437
0.001036
0.000104
0.040138
0.000493
0.186641
0.003023
0.045370
0.060945
0.232419
0.000087
0.000004
0.000115
0.000204
0.000406
0.000034
0.000554
0.000697
0.003577
0.002132
0.000107
0.004294
0.008555
0.009510
0.015837
0.000305
0.031621
0.103107
0.064422
0.075160
0.002979
0.136354
0.185342
2.422641
0.333959
0.000100
0.000004
0.000077
0.000210
0.000109
0.000467
0.000260
0.000695
0.000610
0.005335
0.000658
0.004509
0.001349
0.000046
0.002494
0.023025
0.004421
0.105289
0.023733
0.078653
0.038116
0.140930
0.150024
0.232649
0.103464
0.415828
0.000109
0.000004
0.000182
0.000065
0.000411
0.000457
0.000119
0.000694
0.001475
0.000043
0.003891
0.004422
0.001331
0.009672
0.016368
0.003220
0.032620
0.042658
0.000141
0.081984
0.119048
0.014632
0.192969
1.189124
0.104486
6.837676
0.568792
0.000121
0.000004
0.000115
0.000379
0.000058
0.000461
0.000259
0.000046
0.000128
0.002257
0.001619
0.004622
0.000486
0.024519
0.000054
0.023590
0.001436
0.043404
0.024773
0.083078
0.003200
0.000812
0.065046
0.686155
0.006351
3.532613
0.168287
1.897330
0.000134
0.000005
0.000290
0.000379
0.000875
0.000990
0.001343
0.004012
0.001495
0.005324
0.003964
0.004546
0.009433
0.024932
0.016906
0.024102
0.087956
0.043624
0.069494
0.085256
0.350366
0.162315
0.607365
0.723451
3.109923
8.513156
0.574778
8.416757
3.085757
0.000148
0.000004
0.000183
0.000116
0.000208
0.000059
0.000062
0.001696
0.000647
0.000416
0.000055
0.004647
0.000182
0.025412
0.017086
0.000067
0.034067
0.110237
0.000557
0.085683
0.000181
0.015803
0.069972
0.755190
0.006480
0.007522
0.576784
0.050340
0.260946
3.829484
0.000164
