0.000001
0.000001
0.000001
0.000001
0.000002
0.000001
0.000002
0.000001
0.000005
0.000002
0.000001
0.000004
0.000004
0.000009
0.000002
0.000001
0.000002
0.000001
0.000003
0.000014
0.000002
0.000001
0.000003
0.000006
0.000010
0.000015
0.000027
0.000003
0.000001
0.000002
0.000006
0.000003
0.000017
0.000015
0.000146
0.000004
0.000002
0.000004
0.000003
0.000019
0.000033
0.000008
0.000082
0.000277
0.000005
0.000001
0.000003
0.000011
0.000008
0.000004
0.000018
0.000091
0.000071
0.000221
0.000007
0.000001
0.000005
0.000024
0.000022
0.000037
0.000078
0.000103
0.000166
0.000525
0.000396
0.000011
0.000001
0.000005
0.000005
0.000006
0.000042
0.000007
0.000118
0.000018
0.000054
0.000185
0.001228
0.000013
0.000002
0.000009
0.000020
0.000045
0.000043
0.000091
0.000118
0.000198
0.000656
0.001007
0.002045
0.002073
0.000016
0.000002
0.000007
0.000020
0.000015
0.000086
0.000045
0.000009
0.000099
0.000679
0.000200
0.001356
0.000363
0.002781
0.000020
0.000002
0.000013
0.000009
0.000048
0.000010
0.000024
0.000539
0.001046
0.000065
0.000031
0.001473
0.000375
0.006780
0.004366
0.000024
0.000002
0.000009
0.000034
0.000011
0.000090
0.000049
0.000245
0.000012
0.000733
0.000224
0.001579
0.000138
0.007081
0.004494
0.006163
0.000028
0.000002
0.000020
0.000035
0.000094
0.000092
0.000217
0.000269
0.001152
0.001713
0.001263
0.001642
0.002795
0.007523
0.004644
0.016371
0.042173
0.000033
0.000003
0.000013
0.000014
0.000029
0.000094
0.000014
0.000266
0.000228
0.000017
0.000554
0.001706
0.000050
0.003380
0.001953
0.000853
0.009184
0.031475
0.000038
0.000003
0.000029
0.000061
0.000098
0.000204
0.000230
0.000271
0.000522
0.000815
0.001358
0.001730
0.002969
0.003641
0.005281
0.006910
0.044759
0.127343
0.037414
0.000045
0.000003
0.000020
0.000063
0.000018
0.000019
0.000110
0.000277
0.000052
0.001888
0.000023
0.003926
0.000156
0.003755
0.002216
0.000265
0.001124
0.027125
0.006321
0.166614
0.000055
0.000003
0.000049
0.000024
0.000211
0.000224
0.000053
0.000022
0.000555
0.000180
0.001442
0.001835
0.000491
0.003989
0.000081
0.000941
0.028684
0.086073
0.001874
0.048106
0.097276
0.000060
0.000003
0.000030
0.000111
0.000054
0.000209
0.000113
0.001570
0.000262
0.002031
0.000609
0.000029
0.001265
0.009179
0.002297
0.021282
0.003837
0.036116
0.019800
0.065214
0.010789
0.129126
0.000068
0.000003
0.000074
0.000114
0.000200
0.000212
0.000537
0.000644
0.003366
0.002077
0.003589
0.004117
0.008113
0.009320
0.015214
0.021795
0.030160
0.038062
0.059075
0.175041
0.100319
0.131166
0.180832
0.000074
0.000004
0.000046
0.000037
0.000032
0.000464
0.000031
0.000658
0.000031
0.000177
0.000620
0.005778
0.000037
0.011577
0.002394
0.001011
0.000101
0.039876
0.000493
0.184984
0.002922
0.044804
0.060387
0.230556
0.000086
0.000004
0.000115
0.000204
0.000407
0.000033
0.000554
0.000664
0.003500
0.002131
0.000105
0.004207
0.008606
0.009562
0.015711
0.000305
0.031561
0.102569
0.064544
0.074545
0.003108
0.135075
0.184276
2.596666
0.370772
0.000108
0.000004
0.000082
0.000227
0.000117
0.000505
0.000284
0.000778
0.000688
0.005647
0.000710
0.004856
0.001465
0.000072
0.002746
0.025968
0.004786
0.118490
0.026879
0.087022
0.042220
0.155872
0.167215
0.257280
0.120167
0.467418
0.000122
0.000005
0.000203
0.000072
0.000455
0.000531
0.000136
0.000779
0.001594
0.000047
0.004323
0.004908
0.001481
0.010738
0.018294
0.003580
0.037125
0.049746
0.000163
0.091756
0.134987
0.017204
0.252754
1.382302
0.107772
7.105835
0.568542
0.000121
0.000004
0.000116
0.000398
0.000058
0.000461
0.000258
0.000046
0.000142
0.002221
0.001617
0.004561
0.000496
0.024637
0.000055
0.023563
0.001381
0.043287
0.024616
0.083277
0.003183
0.000813
0.065738
0.685779
0.006378
3.529382
0.166810
1.894588
0.000134
0.000004
0.000313
0.000379
0.000873
0.000990
0.001344
0.004013
0.001494
0.005294
0.003997
0.004553
0.009478
0.024983
0.016867
0.023940
0.087965
0.044228
0.069851
0.085750
0.355669
0.163241
0.603570
0.733763
3.575350
9.313352
0.609496
8.852950
3.269260
0.000175
0.000005
0.000216
0.000137
0.000260
0.000072
0.000075
0.001982
0.000743
0.000495
0.000065
0.005402
0.000209
0.029896
0.019998
0.000079
0.049494
0.128880
0.000630
0.097550
0.000209
0.017883
0.080087
0.886175
0.008006
0.008713
0.665536
0.058785
0.312795
4.447378
0.000172
