0.000001
0.000001
0.000001
0.000001
0.000002
0.000001
0.000001
0.000001
0.000003
0.000002
0.000001
0.000002
0.000003
0.000008
0.000002
0.000001
0.000002
0.000002
0.000003
0.000013
0.000002
0.000001
0.000003
0.000005
0.000010
0.000014
0.000024
0.000003
0.000001
0.000002
0.000005
0.000003
0.000016
0.000013
0.000127
0.000004
0.000002
0.000003
0.000002
0.000017
0.000029
0.000007
0.000072
0.000268
0.000006
0.000002
0.000003
0.000010
0.000008
0.000005
0.000018
0.000086
0.000067
0.000207
0.000008
0.000001
0.000006
0.000011
0.000022
0.000034
0.000072
0.000094
0.000154
0.000474
0.000340
0.000010
0.000001
0.000005
0.000006
0.000006
0.000037
0.000006
0.000102
0.000016
0.000047
0.000159
0.001069
0.000014
0.000002
0.000008
0.000018
0.000042
0.000039
0.000081
0.000106
0.000179
0.000578
0.000886
0.001788
0.001876
0.000017
0.000002
0.000006
0.000018
0.000015
0.000080
0.000042
0.000009
0.000093
0.000615
0.000182
0.001187
0.000321
0.002543
0.000020
0.000002
0.000012
0.000008
0.000046
0.000010
0.000023
0.000481
0.000934
0.000059
0.000029
0.001300
0.000332
0.005896
0.003877
0.000025
0.000002
0.000009
0.000031
0.000011
0.000082
0.000044
0.000216
0.000012
0.000649
0.000198
0.001432
0.000123
0.006174
0.003949
0.005533
0.000029
0.000002
0.000019
0.000032
0.000086
0.000082
0.000193
0.000225
0.001048
0.001520
0.001122
0.001449
0.002472
0.006663
0.004165
0.014388
0.036788
0.000034
0.000002
0.000013
0.000013
0.000027
0.000085
0.000014
0.000235
0.000225
0.000017
0.000505
0.001501
0.000049
0.003109
0.001713
0.000778
0.008118
0.027389
0.000040
0.000003
0.000027
0.000055
0.000090
0.000182
0.000204
0.000240
0.000465
0.000730
0.001220
0.001555
0.002681
0.003225
0.004760
0.006079
0.038997
0.110382
0.032328
0.000046
0.000003
0.000019
0.000056
0.000018
0.000019
0.000100
0.000245
0.000049
0.001671
0.000023
0.003507
0.000145
0.003330
0.001938
0.000244
0.001016
0.023697
0.006293
0.142166
0.000054
0.000003
0.000044
0.000021
0.000177
0.000184
0.000049
0.000021
0.000496
0.000147
0.001302
0.001615
0.000426
0.003424
0.000072
0.000837
0.024378
0.078789
0.001725
0.044153
0.090649
0.000063
0.000003
0.000029
0.000103
0.000051
0.000191
0.000104
0.001375
0.000238
0.001834
0.000549
0.000031
0.001177
0.008231
0.002076
0.019060
0.003460
0.031924
0.017655
0.057553
0.009613
0.113588
0.000069
0.000003
0.000068
0.000101
0.000182
0.000189
0.000473
0.000581
0.002959
0.001862
0.003204
0.003657
0.007200
0.008253
0.013242
0.019277
0.026485
0.035063
0.053272
0.161730
0.092547
0.121656
0.168899
0.000084
0.000004
0.000046
0.000037
0.000033
0.000431
0.000033
0.000616
0.000032
0.000196
0.000601
0.005257
0.000041
0.010715
0.002220
0.000956
0.000105
0.037005
0.000466
0.169636
0.002675
0.039992
0.053676
0.209641
0.000090
0.000004
0.000118
0.000203
0.000438
0.000035
0.000590
0.000642
0.003135
0.001876
0.000099
0.003759
0.007667
0.008473
0.013912
0.000276
0.027749
0.089765
0.055892
0.070662
0.002777
0.118299
0.161381
2.092666
0.289867
0.000100
0.000004
0.000069
0.000182
0.000095
0.000404
0.000243
0.000605
0.000542
0.004551
0.000586
0.003892
0.001167
0.000047
0.002194
0.020220
0.003895
0.091404
0.020608
0.068312
0.033239
0.122602
0.130108
0.202526
0.091125
0.360844
0.000112
0.000004
0.000169
0.000059
0.000369
0.000408
0.000106
0.000616
0.001306
0.000043
0.003508
0.004234
0.001183
0.008577
0.014438
0.002896
0.028758
0.037235
0.000136
0.074046
0.103852
0.012792
0.170970
1.034955
0.090710
5.918821
0.492898
0.000125
0.000005
0.000108
0.000333
0.000055
0.000431
0.000238
0.000046
0.000122
0.001945
0.001417
0.004000
0.000444
0.021287
0.000058
0.020640
0.001223
0.037980
0.021626
0.072613
0.002853
0.000740
0.056876
0.595499
0.005580
3.057678
0.144840
1.645702
0.000139
0.000004
0.000273
0.000334
0.000776
0.000876
0.001179
0.003507
0.001323
0.004658
0.003511
0.004039
0.008288
0.021585
0.014785
0.020923
0.076676
0.038051
0.060768
0.073872
0.304920
0.140879
0.524941
0.630958
2.685729
7.338761
0.498063
7.291202
2.678714
0.000155
0.000005
0.000188
0.000116
0.000225
0.000062
0.000066
0.001504
0.000582
0.000370
0.000055
0.004077
0.000168
0.022114
0.014852
0.000069
0.029845
0.096226
0.000498
0.075055
0.000178
0.013828
0.061235
0.657847
0.005621
0.006566
0.501765
0.043674
0.227240
3.312623
0.000169
