0.000001
0.000001
0.000001
0.000001
0.000002
0.000001
0.000001
0.000001
0.000003
0.000002
0.000001
0.000002
0.000003
0.000008
0.000002
0.000001
0.000002
0.000002
0.000004
0.000013
0.000002
0.000002
0.000003
0.000005
0.000010
0.000015
0.000025
0.000003
0.000001
0.000002
0.000005
0.000003
0.000016
0.000014
0.000131
0.000004
0.000001
0.000004
0.000003
0.000018
0.000031
0.000008
0.000074
0.000253
0.000006
0.000001
0.000003
0.000010
0.000007
0.000004
0.000017
0.000084
0.000065
0.000201
0.000007
0.000001
0.000005
0.000010
0.000021
0.000033
0.000070
0.000092
0.000148
0.000487
0.000340
0.000010
0.000001
0.000005
0.000005
0.000006
0.000037
0.000007
0.000101
0.000016
0.000047
0.000158
0.001068
0.000013
0.000002
0.000009
0.000018
0.000042
0.000038
0.000080
0.000105
0.000179
0.000579
0.000887
0.001773
0.001866
0.000017
0.000002
0.000006
0.000018
0.000028
0.000078
0.000040
0.000009
0.000090
0.000600
0.000192
0.001186
0.000321
0.002487
0.000021
0.000002
0.000013
0.000009
0.000045
0.000009
0.000023
0.000482
0.000966
0.000059
0.000029
0.001316
0.000333
0.005885
0.003903
0.000024
0.000003
0.000009
0.000031
0.000010
0.000081
0.000044
0.000217
0.000012
0.000648
0.000199
0.001418
0.000126
0.006238
0.003948
0.005409
0.000029
0.000002
0.000018
0.000031
0.000086
0.000083
0.000193
0.000225
0.001034
0.001524
0.001116
0.001448
0.002475
0.006674
0.004203
0.014629
0.036829
0.000034
0.000002
0.000013
0.000013
0.000027
0.000086
0.000014
0.000236
0.000207
0.000017
0.000493
0.001520
0.000047
0.003028
0.001737
0.000757
0.008244
0.027468
0.000039
0.000002
0.000027
0.000054
0.000132
0.000194
0.000203
0.000241
0.000480
0.000710
0.001191
0.001535
0.002746
0.003145
0.004773
0.006157
0.038961
0.110152
0.032255
0.000045
0.000003
0.000018
0.000054
0.000017
0.000018
0.000098
0.000240
0.000048
0.001650
0.000024
0.003484
0.000141
0.003331
0.001895
0.000238
0.001012
0.023644
0.005524
0.142097
0.000053
0.000003
0.000043
0.000022
0.000178
0.000184
0.000048
0.000021
0.000496
0.000147
0.001235
0.001583
0.000432
0.003411
0.000070
0.000814
0.024225
0.079324
0.001777
0.044630
0.090881
0.000063
0.000003
0.000029
0.000103
0.000051
0.000191
0.000104
0.001377
0.000238
0.001786
0.000537
0.000030
0.001179
0.008599
0.002076
0.019067
0.003467
0.031712
0.017568
0.057175
0.009571
0.112969
0.000069
0.000003
0.000067
0.000102
0.000181
0.000189
0.000504
0.000578
0.002999
0.001841
0.003186
0.003776
0.007310
0.008260
0.013246
0.019309
0.026710
0.034855
0.053214
0.160386
0.092559
0.120600
0.167745
0.000081
0.000004
0.000045
0.000035
0.000032
0.000415
0.000031
0.000630
0.000033
0.000173
0.000597
0.005297
0.000040
0.010706
0.002240
0.000949
0.000103
0.037024
0.000486
0.169810
0.002662
0.039925
0.053608
0.201382
0.000089
0.000003
0.000107
0.000182
0.000366
0.000032
0.000490
0.000602
0.003099
0.001928
0.000099
0.003784
0.007724
0.008315
0.013877
0.000277
0.028112
0.089584
0.056100
0.065092
0.002603
0.117905
0.161086
2.088716
0.290355
0.000101
0.000004
0.000069
0.000183
0.000095
0.000404
0.000252
0.000605
0.000543
0.004474
0.000572
0.003880
0.001197
0.000048
0.002208
0.020216
0.003917
0.091684
0.020891
0.068556
0.033295
0.123151
0.131601
0.202318
0.090067
0.361189
0.000112
0.000004
0.000170
0.000060
0.000370
0.000406
0.000108
0.000616
0.001307
0.000043
0.003446
0.003929
0.001196
0.008451
0.014427
0.003193
0.029959
0.037172
0.000135
0.070654
0.103468
0.012628
0.168400
1.031471
0.090653
5.899650
0.492673
0.000122
0.000004
0.000105
0.000387
0.000056
0.000421
0.000236
0.000046
0.000122
0.001945
0.001408
0.003992
0.000445
0.021297
0.000057
0.020650
0.001225
0.037766
0.021765
0.072466
0.002829
0.000719
0.056755
0.595102
0.005653
3.057267
0.144824
1.645766
0.000142
0.000005
0.000278
0.000342
0.000771
0.000875
0.001212
0.003591
0.001337
0.004685
0.003570
0.004041
0.008414
0.021681
0.014762
0.020948
0.076656
0.038040
0.060725
0.074027
0.304542
0.140645
0.544690
0.631705
2.688247
7.338894
0.498257
7.296932
2.679926
0.000150
0.000005
0.000166
0.000103
0.000184
0.000054
0.000058
0.001495
0.000584
0.000380
0.000070
0.004102
0.000169
0.022087
0.014850
0.000070
0.029816
0.096283
0.000496
0.074832
0.000178
0.013829
0.061086
0.657758
0.005627
0.006512
0.500743
0.043929
0.227159
3.310130
0.000164
