0.000001
0.000001
0.000001
0.000001
0.000002
0.000001
0.000001
0.000002
0.000003
0.000002
0.000001
0.000002
0.000003
0.000008
0.000002
0.000001
0.000002
0.000002
0.000004
0.000013
0.000002
0.000002
0.000003
0.000005
0.000010
0.000015
0.000025
0.000003
0.000002
0.000002
0.000006
0.000003
0.000016
0.000014
0.000131
0.000004
0.000001
0.000004
0.000004
0.000018
0.000030
0.000007
0.000074
0.000253
0.000005
0.000001
0.000004
0.000010
0.000007
0.000003
0.000017
0.000084
0.000065
0.000202
0.000008
0.000002
0.000005
0.000010
0.000021
0.000032
0.000070
0.000091
0.000149
0.000486
0.000341
0.000010
0.000001
0.000005
0.000005
0.000006
0.000037
0.000006
0.000103
0.000016
0.000048
0.000159
0.001069
0.000013
0.000002
0.000008
0.000018
0.000042
0.000039
0.000081
0.000105
0.000178
0.000579
0.000891
0.001786
0.001877
0.000017
0.000002
0.000007
0.000019
0.000015
0.000081
0.000042
0.000009
0.000093
0.000615
0.000182
0.001187
0.000321
0.002538
0.000020
0.000002
0.000012
0.000008
0.000046
0.000010
0.000023
0.000483
0.000935
0.000058
0.000029
0.001317
0.000341
0.005878
0.003842
0.000025
0.000002
0.000009
0.000031
0.000010
0.000081
0.000044
0.000216
0.000012
0.000650
0.000207
0.001434
0.000124
0.006156
0.004078
0.005624
0.000028
0.000003
0.000018
0.000031
0.000084
0.000081
0.000189
0.000219
0.001115
0.001501
0.001119
0.001452
0.002520
0.006719
0.004086
0.014503
0.036805
0.000034
0.000002
0.000013
0.000013
0.000027
0.000085
0.000014
0.000235
0.000206
0.000017
0.000507
0.001502
0.000048
0.003104
0.001736
0.000757
0.008214
0.027424
0.000039
0.000003
0.000028
0.000055
0.000089
0.000182
0.000204
0.000240
0.000485
0.000711
0.001208
0.001571
0.002678
0.003219
0.004640
0.006215
0.039068
0.110300
0.032427
0.000046
0.000003
0.000019
0.000056
0.000018
0.000019
0.000100
0.000247
0.000048
0.001650
0.000023
0.003564
0.000145
0.003288
0.001942
0.000251
0.001019
0.023839
0.005578
0.141951
0.000054
0.000003
0.000044
0.000022
0.000178
0.000184
0.000049
0.000021
0.000495
0.000146
0.001253
0.001614
0.000449
0.003482
0.000071
0.000843
0.024498
0.078425
0.001724
0.043534
0.091451
0.000064
0.000004
0.000030
0.000109
0.000053
0.000205
0.000104
0.001409
0.000244
0.001868
0.000560
0.000030
0.001179
0.008371
0.002080
0.019062
0.003516
0.031781
0.017492
0.057507
0.009599
0.113389
0.000070
0.000003
0.000067
0.000101
0.000181
0.000189
0.000475
0.000589
0.002980
0.001854
0.003185
0.003662
0.007245
0.008302
0.013233
0.019271
0.026578
0.034795
0.053438
0.161171
0.092680
0.121146
0.168234
0.000085
0.000003
0.000046
0.000037
0.000032
0.000433
0.000032
0.000609
0.000033
0.000170
0.000589
0.005319
0.000041
0.010732
0.002252
0.000948
0.000103
0.037127
0.000462
0.170417
0.002644
0.039879
0.053901
0.202073
0.000089
0.000003
0.000106
0.000182
0.000365
0.000032
0.000489
0.000600
0.003089
0.001902
0.000098
0.003778
0.007648
0.008523
0.013929
0.000277
0.027924
0.089617
0.056056
0.065120
0.002671
0.117875
0.161729
2.092183
0.289926
0.000100
0.000004
0.000069
0.000182
0.000095
0.000405
0.000226
0.000605
0.000544
0.004450
0.000570
0.003863
0.001170
0.000047
0.002201
0.020176
0.003801
0.091600
0.020596
0.068201
0.033308
0.122625
0.129982
0.202443
0.089951
0.361432
0.000113
0.000004
0.000170
0.000060
0.000370
0.000424
0.000110
0.000612
0.001307
0.000043
0.003468
0.003932
0.001179
0.008459
0.014611
0.002842
0.028570
0.037159
0.000134
0.070810
0.103479
0.012609
0.168188
1.030256
0.090666
5.896688
0.492366
0.000123
0.000004
0.000105
0.000324
0.000054
0.000399
0.000286
0.000045
0.000119
0.001983
0.001431
0.003966
0.000444
0.021362
0.000057
0.020654
0.001224
0.037810
0.021474
0.072707
0.002780
0.000735
0.056669
0.594933
0.005527
3.056788
0.144855
1.644706
0.000139
0.000004
0.000271
0.000334
0.000752
0.000880
0.001177
0.003546
0.001301
0.004658
0.003469
0.004039
0.008287
0.021597
0.014701
0.021156
0.076752
0.037991
0.060772
0.075441
0.304873
0.140969
0.525172
0.651143
2.689825
7.343829
0.498205
7.292836
2.681059
0.000154
0.000004
0.000171
0.000105
0.000189
0.000056
0.000059
0.001471
0.000574
0.000390
0.000055
0.004112
0.000169
0.022109
0.014919
0.000069
0.029936
0.096196
0.000514
0.075046
0.000177
0.013776
0.061034
0.657525
0.005650
0.006541
0.501732
0.043820
0.227424
3.316850
0.000169
