0.000001
0.000002
0.000001
0.000001
0.000002
0.000001
0.000001
0.000001
0.000003
0.000002
0.000001
0.000002
0.000004
0.000008
0.000002
0.000002
0.000001
0.000002
0.000003
0.000013
0.000002
0.000002
0.000003
0.000005
0.000010
0.000014
0.000024
0.000003
0.000001
0.000002
0.000005
0.000004
0.000016
0.000014
0.000143
0.000004
0.000002
0.000003
0.000003
0.000017
0.000029
0.000007
0.000073
0.000247
0.000006
0.000002
0.000003
0.000010
0.000007
0.000004
0.000017
0.000081
0.000064
0.000252
0.000007
0.000001
0.000005
0.000010
0.000021
0.000034
0.000072
0.000093
0.000153
0.000475
0.000340
0.000010
0.000002
0.000005
0.000006
0.000006
0.000037
0.000007
0.000101
0.000016
0.000047
0.000159
0.001074
0.000014
0.000002
0.000008
0.000019
0.000042
0.000039
0.000081
0.000105
0.000179
0.000581
0.000888
0.001790
0.001879
0.000017
0.000002
0.000007
0.000019
0.000014
0.000080
0.000041
0.000009
0.000093
0.000615
0.000182
0.001225
0.000335
0.002539
0.000021
0.000002
0.000012
0.000008
0.000045
0.000009
0.000023
0.000484
0.000934
0.000058
0.000029
0.001298
0.000331
0.005917
0.003933
0.000025
0.000003
0.000009
0.000032
0.000011
0.000083
0.000045
0.000222
0.000013
0.000667
0.000204
0.001389
0.000123
0.006133
0.004091
0.005408
0.000028
0.000002
0.000018
0.000031
0.000086
0.000083
0.000194
0.000226
0.001024
0.001531
0.001118
0.001449
0.002439
0.006658
0.004103
0.014451
0.036668
0.000034
0.000002
0.000013
0.000013
0.000027
0.000086
0.000014
0.000235
0.000206
0.000017
0.000509
0.001504
0.000049
0.003051
0.001733
0.000759
0.008153
0.027388
0.000040
0.000002
0.000027
0.000055
0.000089
0.000183
0.000204
0.000240
0.000484
0.000728
0.001203
0.001533
0.002681
0.003218
0.004699
0.006063
0.039148
0.110133
0.032229
0.000046
0.000003
0.000019
0.000056
0.000018
0.000018
0.000100
0.000246
0.000048
0.001664
0.000023
0.003511
0.000145
0.003334
0.001959
0.000238
0.001018
0.023700
0.005571
0.142080
0.000053
0.000003
0.000042
0.000021
0.000174
0.000180
0.000048
0.000021
0.000554
0.000151
0.001244
0.001586
0.000425
0.003408
0.000071
0.000816
0.024349
0.079121
0.001723
0.044992
0.092847
0.000063
0.000003
0.000029
0.000103
0.000051
0.000192
0.000104
0.001378
0.000237
0.001839
0.000573
0.000031
0.001178
0.008288
0.002219
0.019186
0.003468
0.031817
0.017701
0.057379
0.009515
0.113444
0.000070
0.000003
0.000068
0.000101
0.000182
0.000190
0.000499
0.000582
0.003018
0.001826
0.003187
0.003657
0.007159
0.008250
0.013245
0.019223
0.026941
0.036213
0.055231
0.166104
0.095966
0.125295
0.173268
0.000087
0.000004
0.000047
0.000038
0.000033
0.000436
0.000032
0.000607
0.000032
0.000168
0.000615
0.005547
0.000042
0.011088
0.002363
0.000971
0.000102
0.038080
0.000580
0.172065
0.002642
0.039959
0.053374
0.201509
0.000090
0.000004
0.000107
0.000182
0.000365
0.000031
0.000527
0.000616
0.003146
0.001879
0.000100
0.003798
0.007567
0.008425
0.013932
0.000275
0.027752
0.089566
0.056226
0.065287
0.002688
0.118048
0.161862
2.088936
0.289972
0.000100
0.000004
0.000069
0.000183
0.000096
0.000406
0.000227
0.000617
0.000543
0.004460
0.000590
0.003900
0.001199
0.000048
0.002202
0.020323
0.003851
0.091588
0.020606
0.068445
0.033165
0.122693
0.130095
0.202982
0.090091
0.361195
0.000112
0.000004
0.000169
0.000060
0.000370
0.000408
0.000108
0.000617
0.001310
0.000043
0.003470
0.003929
0.001201
0.008598
0.014457
0.002842
0.028825
0.037181
0.000135
0.070721
0.103773
0.012565
0.168347
1.031009
0.090800
5.904225
0.492909
0.000125
0.000004
0.000108
0.000333
0.000054
0.000410
0.000230
0.000045
0.000117
0.001955
0.001435
0.004018
0.000446
0.021346
0.000058
0.020643
0.001238
0.037966
0.021647
0.072477
0.002781
0.000719
0.056792
0.595584
0.005579
3.056370
0.144788
1.645185
0.000139
0.000004
0.000272
0.000334
0.000777
0.000879
0.001175
0.003527
0.001299
0.004679
0.003461
0.004039
0.008438
0.021561
0.014753
0.021067
0.076660
0.038151
0.060727
0.073886
0.304791
0.141316
0.524765
0.633258
2.684391
7.334363
0.497702
7.292806
2.679008
0.000154
0.000004
0.000170
0.000105
0.000188
0.000056
0.000059
0.001487
0.000572
0.000389
0.000055
0.004079
0.000168
0.022110
0.014902
0.000070
0.029966
0.096155
0.000516
0.074899
0.000178
0.013830
0.061201
0.656719
0.005625
0.006515
0.501747
0.043818
0.245057
3.316697
0.000169
