0.000002
0.000001
0.000001
0.000001
0.000002
0.000001
0.000001
0.000001
0.000003
0.000001
0.000001
0.000002
0.000004
0.000008
0.000002
0.000002
0.000002
0.000002
0.000003
0.000013
0.000002
0.000002
0.000003
0.000005
0.000010
0.000015
0.000025
0.000003
0.000002
0.000002
0.000005
0.000003
0.000017
0.000014
0.000131
0.000004
0.000001
0.000003
0.000003
0.000018
0.000031
0.000008
0.000075
0.000253
0.000006
0.000002
0.000003
0.000010
0.000008
0.000004
0.000018
0.000086
0.000066
0.000206
0.000008
0.000002
0.000006
0.000011
0.000021
0.000034
0.000071
0.000093
0.000152
0.000473
0.000341
0.000010
0.000002
0.000004
0.000005
0.000005
0.000036
0.000006
0.000101
0.000016
0.000048
0.000159
0.001070
0.000014
0.000002
0.000009
0.000019
0.000048
0.000039
0.000080
0.000105
0.000178
0.000578
0.000885
0.001787
0.001879
0.000016
0.000003
0.000007
0.000019
0.000015
0.000079
0.000041
0.000009
0.000092
0.000617
0.000207
0.001221
0.000320
0.002487
0.000021
0.000003
0.000013
0.000009
0.000045
0.000009
0.000022
0.000485
0.000935
0.000059
0.000029
0.001300
0.000331
0.005877
0.003842
0.000024
0.000003
0.000009
0.000031
0.000010
0.000081
0.000044
0.000217
0.000012
0.000650
0.000198
0.001430
0.000124
0.006189
0.003950
0.005493
0.000058
0.000003
0.000018
0.000045
0.000086
0.000083
0.000193
0.000225
0.000995
0.001504
0.001119
0.001448
0.002470
0.006650
0.004167
0.014585
0.036724
0.000034
0.000002
0.000013
0.000013
0.000027
0.000086
0.000015
0.000237
0.000206
0.000017
0.000493
0.001517
0.000047
0.003027
0.001694
0.000739
0.008176
0.027411
0.000040
0.000003
0.000027
0.000055
0.000089
0.000183
0.000204
0.000240
0.000463
0.000717
0.001190
0.001537
0.002731
0.003160
0.004639
0.006185
0.038958
0.110258
0.032409
0.000047
0.000003
0.000019
0.000057
0.000018
0.000019
0.000100
0.000246
0.000049
0.001654
0.000024
0.003439
0.000141
0.003307
0.001890
0.000238
0.000992
0.023746
0.005639
0.142235
0.000054
0.000003
0.000043
0.000022
0.000178
0.000184
0.000049
0.000021
0.000494
0.000146
0.001269
0.001573
0.000415
0.003391
0.000071
0.000817
0.024203
0.078342
0.001727
0.043254
0.090571
0.000064
0.000003
0.000030
0.000102
0.000051
0.000194
0.000104
0.001379
0.000237
0.001873
0.000554
0.000030
0.001184
0.008263
0.002078
0.019183
0.003522
0.031806
0.017444
0.057078
0.009581
0.112882
0.000070
0.000004
0.000068
0.000102
0.000182
0.000190
0.000476
0.000584
0.002970
0.001824
0.003198
0.003632
0.007384
0.008100
0.013245
0.019293
0.026617
0.034790
0.053266
0.160832
0.092815
0.120495
0.167341
0.000085
0.000004
0.000047
0.000036
0.000033
0.000440
0.000033
0.000623
0.000033
0.000171
0.000597
0.005354
0.000040
0.010594
0.002230
0.000971
0.000102
0.036805
0.000463
0.169845
0.002643
0.039967
0.053340
0.202190
0.000103
0.000003
0.000104
0.000178
0.000358
0.000031
0.000549
0.000597
0.003131
0.001875
0.000099
0.003831
0.007541
0.008526
0.013862
0.000275
0.027939
0.090554
0.056394
0.065216
0.002674
0.118295
0.161595
2.090079
0.290316
0.000100
0.000004
0.000069
0.000183
0.000096
0.000404
0.000226
0.000590
0.000550
0.004554
0.000585
0.003877
0.001170
0.000047
0.002246
0.020096
0.003933
0.091717
0.020822
0.068450
0.033214
0.122840
0.130225
0.202681
0.090126
0.361085
0.000112
0.000003
0.000170
0.000060
0.000370
0.000407
0.000122
0.000610
0.001324
0.000044
0.003523
0.003961
0.001184
0.008580
0.014306
0.002840
0.028652
0.037178
0.000135
0.071056
0.103466
0.012786
0.168072
1.031004
0.090517
5.895990
0.492034
0.000125
0.000005
0.000108
0.000334
0.000055
0.000410
0.000231
0.000059
0.000121
0.001948
0.001432
0.004019
0.000446
0.021306
0.000057
0.020710
0.001224
0.037790
0.021546
0.072688
0.002786
0.000721
0.056663
0.594535
0.005530
3.052684
0.145172
1.643995
0.000139
0.000004
0.000272
0.000333
0.000771
0.000878
0.001178
0.003561
0.001326
0.004673
0.003518
0.003988
0.008416
0.021574
0.014692
0.020928
0.076700
0.037987
0.060651
0.073878
0.304680
0.140539
0.525025
0.629065
2.687584
7.341163
0.497838
7.328534
2.684040
0.000153
0.000004
0.000172
0.000105
0.000189
0.000055
0.000059
0.001478
0.000586
0.000372
0.000054
0.004080
0.000170
0.022119
0.014849
0.000069
0.029955
0.095974
0.000497
0.074864
0.000178
0.013884
0.061086
0.657150
0.005627
0.006546
0.501323
0.043745
0.226781
3.317011
0.000169
