0.000006
0.000001
0.000001
0.000001
0.000002
0.000001
0.000001
0.000002
0.000004
0.000002
0.000001
0.000002
0.000004
0.000009
0.000002
0.000001
0.000001
0.000002
0.000004
0.000014
0.000002
0.000001
0.000002
0.000005
0.000010
0.000015
0.000025
0.000003
0.000001
0.000002
0.000005
0.000002
0.000017
0.000015
0.000138
0.000004
0.000001
0.000004
0.000004
0.000019
0.000032
0.000008
0.000078
0.000266
0.000006
0.000002
0.000003
0.000010
0.000008
0.000004
0.000018
0.000087
0.000068
0.000213
0.000007
0.000002
0.000006
0.000011
0.000022
0.000035
0.000073
0.000096
0.000156
0.000486
0.000349
0.000010
0.000002
0.000007
0.000007
0.000009
0.000043
0.000006
0.000104
0.000016
0.000048
0.000162
0.001136
0.000014
0.000002
0.000009
0.000018
0.000043
0.000040
0.000082
0.000111
0.000183
0.000593
0.000910
0.001835
0.001954
0.000017
0.000002
0.000006
0.000030
0.000016
0.000094
0.000043
0.000009
0.000095
0.000632
0.000190
0.001221
0.000329
0.002557
0.000021
0.000002
0.000032
0.000009
0.000046
0.000009
0.000023
0.000482
0.001259
0.000113
0.000050
0.001586
0.000343
0.006077
0.004022
0.000025
0.000003
0.000010
0.000031
0.000011
0.000083
0.000045
0.000222
0.000012
0.000665
0.000203
0.001392
0.000123
0.006392
0.004047
0.005692
0.000030
0.000002
0.000019
0.000033
0.000089
0.000085
0.000198
0.000234
0.001019
0.001521
0.001174
0.001553
0.002469
0.006913
0.004220
0.014699
0.037700
0.000034
0.000003
0.000013
0.000014
0.000027
0.000085
0.000018
0.000239
0.000222
0.000017
0.000504
0.001559
0.000049
0.003057
0.001751
0.000758
0.008253
0.028393
0.000042
0.000002
0.000030
0.000058
0.000094
0.000191
0.000215
0.000253
0.000491
0.000731
0.001253
0.001619
0.002853
0.003651
0.004930
0.006545
0.039708
0.110732
0.032564
0.000046
0.000003
0.000019
0.000056
0.000019
0.000019
0.000100
0.000246
0.000049
0.001718
0.000025
0.003542
0.000145
0.003337
0.001919
0.000238
0.000993
0.023808
0.005716
0.144182
0.000060
0.000004
0.000048
0.000024
0.000212
0.000299
0.000100
0.000041
0.000541
0.000159
0.001314
0.001674
0.000449
0.003615
0.000076
0.000883
0.025403
0.081427
0.001799
0.045446
0.090073
0.000062
0.000004
0.000029
0.000100
0.000051
0.000187
0.000102
0.001383
0.000249
0.001861
0.000551
0.000031
0.001182
0.008401
0.002129
0.019125
0.003576
0.032279
0.018100
0.058594
0.009644
0.116886
0.000071
0.000004
0.000070
0.000104
0.000187
0.000195
0.000490
0.000578
0.003045
0.001870
0.003288
0.003745
0.007411
0.008525
0.014406
0.020657
0.028695
0.036026
0.054825
0.165272
0.095344
0.124677
0.176991
0.000106
0.000004
0.000051
0.000040
0.000035
0.000463
0.000035
0.000664
0.000035
0.000184
0.000661
0.005665
0.000042
0.011491
0.002371
0.001024
0.000111
0.039957
0.000495
0.179080
0.002791
0.043065
0.057619
0.218035
0.000098
0.000004
0.000116
0.000196
0.000400
0.000035
0.000553
0.000632
0.003327
0.001988
0.000105
0.004031
0.008254
0.009060
0.014833
0.000300
0.030189
0.097690
0.061322
0.073124
0.002978
0.133001
0.177438
2.163050
0.293462
0.000103
0.000004
0.000071
0.000188
0.000099
0.000415
0.000232
0.000606
0.000545
0.004563
0.000585
0.003939
0.001201
0.000048
0.002250
0.020576
0.003919
0.092465
0.020925
0.069249
0.033553
0.125030
0.131324
0.206170
0.091034
0.372799
0.000113
0.000004
0.000170
0.000060
0.000370
0.000406
0.000107
0.000641
0.001368
0.000044
0.003530
0.003980
0.001210
0.008560
0.014497
0.002939
0.028909
0.037719
0.000134
0.073821
0.105179
0.012830
0.170011
1.037999
0.090736
5.964635
0.501483
0.000126
0.000004
0.000107
0.000336
0.000055
0.000408
0.000230
0.000045
0.000118
0.001951
0.001440
0.004058
0.000456
0.021427
0.000058
0.020656
0.001226
0.038053
0.021750
0.072633
0.002783
0.000743
0.056926
0.598992
0.005581
3.064771
0.144924
1.647331
0.000139
0.000005
0.000271
0.000334
0.000753
0.000889
0.001179
0.003537
0.001302
0.004701
0.003510
0.003989
0.008466
0.021651
0.014987
0.021155
0.076551
0.038102
0.060856
0.074743
0.306067
0.141734
0.526032
0.632741
2.686029
7.336195
0.498169
7.300942
2.682079
0.000151
0.000004
0.000167
0.000103
0.000184
0.000053
0.000058
0.001537
0.000572
0.000382
0.000056
0.004108
0.000169
0.022165
0.014895
0.000070
0.029870
0.096322
0.000498
0.074886
0.000177
0.013839
0.061063
0.657799
0.005624
0.006580
0.501502
0.043826
0.227939
3.343196
0.000169
