0.000001
0.000001
0.000001
0.000001
0.000001
0.000001
0.000001
0.000001
0.000003
0.000001
0.000001
0.000001
0.000003
0.000008
0.000002
0.000001
0.000002
0.000002
0.000003
0.000013
0.000002
0.000001
0.000003
0.000005
0.000009
0.000014
0.000024
0.000003
0.000002
0.000002
0.000005
0.000003
0.000015
0.000027
0.000132
0.000004
0.000001
0.000004
0.000003
0.000018
0.000031
0.000008
0.000075
0.000254
0.000006
0.000001
0.000003
0.000010
0.000008
0.000004
0.000017
0.000083
0.000065
0.000202
0.000007
0.000001
0.000005
0.000011
0.000021
0.000033
0.000070
0.000091
0.000149
0.000477
0.000340
0.000010
0.000002
0.000005
0.000005
0.000006
0.000036
0.000006
0.000101
0.000016
0.000048
0.000159
0.001106
0.000013
0.000002
0.000009
0.000018
0.000056
0.000039
0.000081
0.000106
0.000178
0.000579
0.000888
0.001788
0.002377
0.000018
0.000003
0.000007
0.000020
0.000016
0.000084
0.000044
0.000009
0.000098
0.000657
0.000182
0.001213
0.000329
0.002502
0.000021
0.000003
0.000013
0.000009
0.000046
0.000010
0.000023
0.000481
0.000934
0.000059
0.000029
0.001326
0.000341
0.005893
0.003867
0.000024
0.000003
0.000009
0.000031
0.000010
0.000081
0.000044
0.000216
0.000012
0.000648
0.000198
0.001432
0.000127
0.006170
0.003945
0.005408
0.000028
0.000002
0.000018
0.000031
0.000085
0.000082
0.000193
0.000227
0.000993
0.001547
0.001118
0.001449
0.002466
0.006612
0.004195
0.014275
0.036816
0.000034
0.000002
0.000013
0.000013
0.000027
0.000086
0.000014
0.000235
0.000206
0.000017
0.000493
0.001516
0.000047
0.003031
0.001693
0.000739
0.008083
0.027607
0.000040
0.000002
0.000028
0.000056
0.000090
0.000182
0.000203
0.000240
0.000466
0.000716
0.001190
0.001534
0.002732
0.003210
0.004643
0.006127
0.039171
0.110128
0.032294
0.000047
0.000003
0.000019
0.000056
0.000018
0.000018
0.000099
0.000246
0.000048
0.001654
0.000024
0.003441
0.000141
0.003303
0.001922
0.000257
0.001006
0.023682
0.005583
0.142322
0.000054
0.000002
0.000043
0.000021
0.000178
0.000184
0.000049
0.000021
0.000496
0.000146
0.001265
0.001579
0.000432
0.003398
0.000072
0.000837
0.024440
0.079730
0.001777
0.043651
0.088577
0.000061
0.000003
0.000029
0.000100
0.000050
0.000186
0.000101
0.001418
0.000238
0.001839
0.000551
0.000031
0.001182
0.008209
0.002076
0.018902
0.003539
0.031806
0.017376
0.057593
0.009570
0.113679
0.000069
0.000003
0.000068
0.000102
0.000182
0.000190
0.000495
0.000592
0.003026
0.001821
0.003238
0.003659
0.007295
0.008127
0.013419
0.019785
0.027877
0.035096
0.053381
0.160959
0.093105
0.121271
0.167765
0.000081
0.000003
0.000046
0.000036
0.000032
0.000420
0.000031
0.000594
0.000031
0.000164
0.000612
0.005284
0.000042
0.010623
0.002189
0.000926
0.000104
0.036900
0.000462
0.167852
0.002652
0.039771
0.053544
0.200975
0.000090
0.000003
0.000106
0.000183
0.000366
0.000032
0.000490
0.000616
0.003127
0.001870
0.000099
0.003772
0.007588
0.008481
0.013723
0.000277
0.027875
0.089841
0.056477
0.065158
0.002667
0.118108
0.161011
2.083096
0.289803
0.000101
0.000004
0.000069
0.000182
0.000095
0.000405
0.000227
0.000609
0.000543
0.004489
0.000572
0.003839
0.001168
0.000047
0.002200
0.020071
0.004226
0.092642
0.020782
0.068337
0.033178
0.122305
0.129995
0.202440
0.090456
0.361180
0.000112
0.000004
0.000170
0.000060
0.000370
0.000407
0.000107
0.000631
0.001309
0.000043
0.003439
0.003970
0.001205
0.008547
0.014353
0.002841
0.028770
0.037491
0.000135
0.070683
0.103426
0.012778
0.168000
1.030833
0.090520
5.906532
0.492569
0.000128
0.000004
0.000111
0.000343
0.000056
0.000420
0.000236
0.000046
0.000122
0.001946
0.001430
0.004050
0.000456
0.021461
0.000057
0.020772
0.001220
0.037874
0.021516
0.072567
0.002831
0.000718
0.056820
0.594343
0.005577
3.053535
0.145609
1.650433
0.000139
0.000004
0.000271
0.000335
0.000753
0.000879
0.001202
0.003555
0.001327
0.004662
0.003516
0.004043
0.008437
0.021563
0.014746
0.020980
0.076571
0.037950
0.060676
0.074208
0.304656
0.140737
0.541024
0.632823
2.684334
7.339253
0.498368
7.296092
2.681506
0.000153
0.000005
0.000170
0.000105
0.000189
0.000055
0.000059
0.001483
0.000577
0.000371
0.000054
0.004110
0.000169
0.022118
0.014894
0.000070
0.029867
0.096041
0.000496
0.075052
0.000177
0.013832
0.061173
0.657025
0.005681
0.006507
0.501039
0.043825
0.226863
3.321607
0.000165
