0.000002
0.000001
0.000001
0.000001
0.000001
0.000001
0.000001
0.000001
0.000003
0.000001
0.000002
0.000002
0.000003
0.000008
0.000002
0.000001
0.000001
0.000001
0.000003
0.000014
0.000003
0.000001
0.000002
0.000005
0.000010
0.000014
0.000024
0.000003
0.000001
0.000002
0.000005
0.000002
0.000016
0.000014
0.000131
0.000004
0.000002
0.000004
0.000003
0.000018
0.000031
0.000008
0.000075
0.000253
0.000005
0.000001
0.000004
0.000010
0.000007
0.000003
0.000017
0.000084
0.000065
0.000202
0.000007
0.000001
0.000005
0.000010
0.000021
0.000032
0.000083
0.000093
0.000154
0.000474
0.000340
0.000010
0.000001
0.000005
0.000005
0.000005
0.000037
0.000006
0.000101
0.000016
0.000047
0.000158
0.001072
0.000013
0.000002
0.000008
0.000018
0.000042
0.000039
0.000081
0.000120
0.000183
0.000594
0.000909
0.001834
0.001876
0.000017
0.000002
0.000007
0.000019
0.000015
0.000079
0.000042
0.000008
0.000093
0.000614
0.000182
0.001221
0.000341
0.002491
0.000021
0.000002
0.000012
0.000008
0.000045
0.000010
0.000023
0.000493
0.000933
0.000059
0.000029
0.001300
0.000334
0.005921
0.003919
0.000024
0.000002
0.000009
0.000031
0.000010
0.000081
0.000044
0.000216
0.000012
0.000653
0.000199
0.001393
0.000127
0.006181
0.004025
0.005548
0.000029
0.000003
0.000018
0.000031
0.000085
0.000083
0.000193
0.000233
0.001041
0.001505
0.001118
0.001448
0.002466
0.006664
0.004146
0.014548
0.036667
0.000034
0.000003
0.000013
0.000013
0.000027
0.000085
0.000015
0.000236
0.000205
0.000017
0.000509
0.001501
0.000048
0.003105
0.001720
0.000741
0.008176
0.027508
0.000040
0.000002
0.000028
0.000055
0.000089
0.000182
0.000203
0.000240
0.000465
0.000714
0.001222
0.001572
0.002678
0.003217
0.004662
0.006064
0.039091
0.110010
0.032588
0.000046
0.000002
0.000019
0.000056
0.000018
0.000018
0.000099
0.000245
0.000049
0.001650
0.000024
0.003513
0.000145
0.003322
0.001936
0.000238
0.000992
0.023808
0.005637
0.142108
0.000054
0.000003
0.000043
0.000022
0.000178
0.000185
0.000049
0.000021
0.000495
0.000146
0.001278
0.001616
0.000426
0.003425
0.000072
0.000836
0.024363
0.079797
0.001785
0.044763
0.091191
0.000063
0.000003
0.000029
0.000104
0.000052
0.000191
0.000105
0.001379
0.000239
0.001880
0.000551
0.000030
0.001182
0.008278
0.002071
0.019078
0.003550
0.031868
0.017567
0.057312
0.009629
0.113405
0.000070
0.000003
0.000067
0.000102
0.000182
0.000190
0.000475
0.000565
0.002978
0.001860
0.003206
0.003636
0.007131
0.008104
0.013429
0.019249
0.026950
0.034794
0.053447
0.160287
0.092334
0.120547
0.166880
0.000082
0.000003
0.000045
0.000036
0.000031
0.000448
0.000032
0.000625
0.000033
0.000173
0.000598
0.005229
0.000042
0.010760
0.002200
0.000947
0.000106
0.036775
0.000463
0.168495
0.002657
0.039804
0.053536
0.201706
0.000089
0.000004
0.000106
0.000182
0.000366
0.000032
0.000492
0.000612
0.003132
0.001874
0.000099
0.003829
0.007720
0.008315
0.013888
0.000276
0.027900
0.089708
0.056264
0.065503
0.002640
0.118090
0.161253
2.087071
0.290538
0.000101
0.000003
0.000069
0.000183
0.000096
0.000405
0.000227
0.000591
0.000553
0.004504
0.000586
0.003833
0.001226
0.000048
0.002203
0.020273
0.003884
0.091315
0.020598
0.068444
0.033494
0.122498
0.130057
0.202474
0.089978
0.360609
0.000113
0.000004
0.000170
0.000060
0.000385
0.000418
0.000110
0.000610
0.001303
0.000042
0.003445
0.003878
0.001198
0.008638
0.014584
0.002917
0.028676
0.037427
0.000134
0.070848
0.103537
0.012719
0.167896
1.030621
0.090532
5.927897
0.492606
0.000125
0.000005
0.000108
0.000333
0.000055
0.000410
0.000231
0.000045
0.000136
0.001946
0.001431
0.003961
0.000444
0.021302
0.000058
0.020661
0.001225
0.038097
0.021670
0.072731
0.002831
0.000719
0.056755
0.594729
0.005532
3.054264
0.144756
1.644721
0.000154
0.000004
0.000272
0.000334
0.000779
0.000876
0.001178
0.003545
0.001308
0.004684
0.003544
0.004067
0.008364
0.021792
0.014798
0.020932
0.076596
0.038129
0.060655
0.074008
0.304823
0.140515
0.524318
0.630532
2.683816
7.334990
0.498257
7.292550
2.682174
0.000154
0.000005
0.000171
0.000105
0.000189
0.000055
0.000060
0.001496
0.000574
0.000384
0.000054
0.004082
0.000169
0.022116
0.014958
0.000069
0.029835
0.096157
0.000496
0.074993
0.000178
0.013819
0.061238
0.656464
0.005674
0.006511
0.500737
0.043828
0.227509
3.342120
0.000170
