0.000001
0.000002
0.000001
0.000001
0.000002
0.000002
0.000001
0.000002
0.000003
0.000002
0.000001
0.000002
0.000003
0.000007
0.000001
0.000001
0.000002
0.000002
0.000004
0.000013
0.000002
0.000002
0.000002
0.000005
0.000009
0.000014
0.000025
0.000003
0.000001
0.000002
0.000005
0.000003
0.000016
0.000014
0.000131
0.000004
0.000002
0.000004
0.000003
0.000018
0.000030
0.000008
0.000075
0.000253
0.000005
0.000001
0.000003
0.000010
0.000008
0.000004
0.000017
0.000083
0.000068
0.000206
0.000007
0.000002
0.000006
0.000011
0.000021
0.000034
0.000072
0.000093
0.000153
0.000481
0.000332
0.000010
0.000001
0.000004
0.000005
0.000006
0.000036
0.000006
0.000098
0.000016
0.000046
0.000154
0.001089
0.000013
0.000002
0.000008
0.000018
0.000042
0.000039
0.000080
0.000105
0.000178
0.000578
0.000887
0.001788
0.001846
0.000016
0.000002
0.000006
0.000018
0.000014
0.000078
0.000041
0.000009
0.000091
0.000601
0.000177
0.001198
0.000320
0.002523
0.000021
0.000002
0.000013
0.000022
0.000045
0.000010
0.000023
0.000481
0.000935
0.000059
0.000029
0.001299
0.000332
0.005968
0.003841
0.000024
0.000002
0.000009
0.000031
0.000010
0.000081
0.000044
0.000217
0.000012
0.000651
0.000197
0.001407
0.000127
0.006244
0.003990
0.005533
0.000028
0.000002
0.000018
0.000031
0.000084
0.000080
0.000190
0.000220
0.001054
0.001500
0.001116
0.001449
0.002469
0.006730
0.004261
0.014479
0.036771
0.000034
0.000003
0.000013
0.000013
0.000027
0.000085
0.000015
0.000235
0.000206
0.000017
0.000492
0.001543
0.000049
0.003052
0.001804
0.000758
0.008176
0.027470
0.000039
0.000003
0.000028
0.000056
0.000090
0.000182
0.000204
0.000239
0.000465
0.000740
0.001216
0.001537
0.002680
0.003222
0.004729
0.006237
0.039032
0.110115
0.032242
0.000047
0.000002
0.000019
0.000056
0.000018
0.000019
0.000100
0.000246
0.000049
0.001636
0.000023
0.003515
0.000145
0.003346
0.001935
0.000237
0.001013
0.023805
0.005528
0.141924
0.000054
0.000003
0.000043
0.000022
0.000178
0.000183
0.000049
0.000022
0.000497
0.000147
0.001254
0.001577
0.000414
0.003390
0.000071
0.000818
0.024229
0.078498
0.001755
0.044738
0.091450
0.000084
0.000003
0.000030
0.000103
0.000052
0.000192
0.000105
0.001417
0.000243
0.001831
0.000550
0.000030
0.001180
0.008340
0.002083
0.019074
0.003462
0.031838
0.017528
0.057559
0.009445
0.113741
0.000071
0.000003
0.000067
0.000101
0.000182
0.000188
0.000510
0.000592
0.003021
0.001822
0.003234
0.003654
0.007322
0.008241
0.013394
0.019283
0.026590
0.049255
0.062695
0.163511
0.094318
0.125597
0.187735
0.000081
0.000004
0.000046
0.000036
0.000032
0.000413
0.000031
0.000720
0.000037
0.000217
0.000643
0.006233
0.000041
0.011850
0.002333
0.001075
0.000103
0.041226
0.000463
0.175508
0.002638
0.040032
0.053522
0.201483
0.000089
0.000004
0.000106
0.000182
0.000381
0.000033
0.000502
0.000598
0.003132
0.001874
0.000099
0.003780
0.007602
0.008400
0.013987
0.000277
0.027922
0.090078
0.056169
0.065275
0.002678
0.121011
0.163079
2.089164
0.290542
0.000101
0.000004
0.000069
0.000183
0.000096
0.000405
0.000226
0.000614
0.000544
0.004567
0.000601
0.003909
0.001165
0.000047
0.002182
0.020182
0.003800
0.091543
0.020739
0.068332
0.033140
0.122492
0.129750
0.202419
0.090189
0.360766
0.000112
0.000004
0.000170
0.000060
0.000371
0.000407
0.000107
0.000623
0.001306
0.000042
0.003442
0.003930
0.001204
0.008427
0.014370
0.002895
0.028528
0.037379
0.000135
0.070863
0.103517
0.012558
0.167989
1.030920
0.090685
5.898484
0.492630
0.000126
0.000004
0.000108
0.000350
0.000055
0.000410
0.000231
0.000045
0.000118
0.001958
0.001413
0.004024
0.000444
0.021289
0.000056
0.020720
0.001237
0.037705
0.021491
0.072511
0.002862
0.000719
0.056905
0.595048
0.005530
3.057024
0.146832
1.648685
0.000139
0.000004
0.000270
0.000333
0.000780
0.000878
0.001180
0.003577
0.001346
0.004705
0.003501
0.004068
0.008509
0.021742
0.014685
0.020924
0.076719
0.038014
0.060666
0.073887
0.306177
0.142304
0.525247
0.630863
2.684260
7.338483
0.498124
7.292396
2.677497
0.000153
0.000004
0.000170
0.000105
0.000190
0.000055
0.000059
0.001499
0.000556
0.000387
0.000056
0.004084
0.000169
0.022193
0.014917
0.000069
0.029889
0.096164
0.000549
0.074877
0.000178
0.013787
0.061089
0.657320
0.005623
0.006708
0.502151
0.043737
0.227082
3.314102
0.000169
