0.000001
0.000001
0.000002
0.000001
0.000002
0.000001
0.000001
0.000001
0.000003
0.000002
0.000001
0.000002
0.000003
0.000008
0.000002
0.000001
0.000001
0.000001
0.000003
0.000014
0.000002
0.000001
0.000003
0.000005
0.000010
0.000015
0.000025
0.000003
0.000002
0.000002
0.000006
0.000002
0.000016
0.000014
0.000132
0.000004
0.000001
0.000004
0.000003
0.000018
0.000030
0.000008
0.000074
0.000254
0.000006
0.000002
0.000003
0.000010
0.000007
0.000004
0.000017
0.000083
0.000065
0.000204
0.000007
0.000002
0.000006
0.000010
0.000034
0.000033
0.000071
0.000093
0.000152
0.000472
0.000340
0.000009
0.000002
0.000005
0.000005
0.000006
0.000037
0.000006
0.000101
0.000016
0.000047
0.000157
0.001069
0.000014
0.000002
0.000008
0.000018
0.000041
0.000041
0.000081
0.000106
0.000179
0.000578
0.000932
0.001813
0.001852
0.000017
0.000001
0.000006
0.000018
0.000015
0.000078
0.000040
0.000009
0.000090
0.000600
0.000178
0.001193
0.000324
0.002544
0.000021
0.000002
0.000013
0.000008
0.000045
0.000010
0.000023
0.000483
0.000932
0.000058
0.000029
0.001331
0.000351
0.005869
0.003969
0.000024
0.000002
0.000009
0.000031
0.000011
0.000081
0.000044
0.000216
0.000012
0.000649
0.000198
0.001402
0.000127
0.006233
0.003948
0.005561
0.000028
0.000002
0.000018
0.000032
0.000086
0.000082
0.000195
0.000226
0.001022
0.001529
0.001131
0.001479
0.002506
0.006665
0.004077
0.014525
0.036924
0.000033
0.000003
0.000013
0.000013
0.000027
0.000086
0.000015
0.000235
0.000206
0.000017
0.000493
0.001507
0.000049
0.003038
0.001726
0.000755
0.008224
0.027830
0.000040
0.000002
0.000028
0.000056
0.000090
0.000182
0.000204
0.000240
0.000484
0.000713
0.001194
0.001537
0.002737
0.003218
0.004671
0.006067
0.039062
0.111657
0.032335
0.000047
0.000003
0.000019
0.000056
0.000018
0.000018
0.000099
0.000246
0.000050
0.001651
0.000024
0.003447
0.000142
0.003306
0.001919
0.000245
0.001007
0.023776
0.005529
0.142096
0.000055
0.000003
0.000044
0.000021
0.000178
0.000184
0.000049
0.000021
0.000493
0.000146
0.001250
0.001568
0.000425
0.003424
0.000072
0.000836
0.024731
0.079470
0.001912
0.046351
0.093173
0.000061
0.000003
0.000029
0.000101
0.000050
0.000207
0.000104
0.001378
0.000238
0.001783
0.000536
0.000030
0.001174
0.008259
0.002076
0.019122
0.003468
0.031833
0.017464
0.057499
0.009411
0.113581
0.000070
0.000003
0.000068
0.000103
0.000181
0.000189
0.000474
0.000593
0.003019
0.001875
0.003190
0.003664
0.007246
0.008101
0.013437
0.019102
0.027335
0.035152
0.053521
0.161633
0.093326
0.122108
0.168923
0.000082
0.000004
0.000045
0.000036
0.000033
0.000422
0.000036
0.000634
0.000032
0.000168
0.000613
0.005298
0.000042
0.010680
0.002224
0.000958
0.000104
0.037164
0.000463
0.170549
0.002636
0.040167
0.053880
0.203051
0.000091
0.000004
0.000109
0.000187
0.000375
0.000032
0.000501
0.000596
0.003130
0.001876
0.000099
0.003778
0.007669
0.008478
0.013857
0.000276
0.027782
0.090214
0.056131
0.065158
0.002666
0.118597
0.162109
2.091494
0.290523
0.000100
0.000004
0.000069
0.000183
0.000097
0.000403
0.000226
0.000589
0.000580
0.004528
0.000558
0.003978
0.001168
0.000046
0.002229
0.020176
0.003802
0.091467
0.020743
0.068397
0.033241
0.122624
0.130696
0.202389
0.090027
0.361039
0.000112
0.000004
0.000170
0.000060
0.000370
0.000407
0.000107
0.000632
0.001303
0.000042
0.003435
0.003875
0.001203
0.008465
0.014328
0.002842
0.028570
0.037321
0.000135
0.070815
0.103249
0.012553
0.168025
1.031014
0.090677
5.926395
0.492728
0.000125
0.000004
0.000108
0.000333
0.000055
0.000411
0.000257
0.000046
0.000121
0.001944
0.001430
0.003961
0.000444
0.021290
0.000058
0.020594
0.001242
0.037897
0.021676
0.072654
0.002831
0.000721
0.056878
0.595060
0.005528
3.057362
0.144789
1.646713
0.000142
0.000005
0.000278
0.000349
0.000768
0.000879
0.001225
0.003568
0.001336
0.004779
0.003473
0.004128
0.008375
0.021744
0.014688
0.021169
0.076617
0.038122
0.061079
0.073858
0.304529
0.140699
0.526105
0.628896
2.687210
7.332766
0.498439
7.295902
2.719743
0.000154
0.000005
0.000171
0.000106
0.000189
0.000056
0.000059
0.001465
0.000571
0.000379
0.000055
0.004106
0.000169
0.022178
0.014871
0.000070
0.029832
0.096252
0.000495
0.075003
0.000177
0.013774
0.061318
0.657579
0.005618
0.006521
0.501341
0.044077
0.227648
3.356696
0.000169
