30 30
1
0 0 1
2
0 0 1
0 1 1
1
0 0 2
3
0 0 1
0 1 1
0 2 1
3
0 0 1
1 0 1
0 1 2
1
0 0 3
4
0 0 1
0 1 1
0 2 1
0 3 1
2
0 0 2
0 2 2
4
0 0 1
1 0 1
2 0 1
0 1 3
1
0 0 4
5
0 0 1
0 1 1
0 2 1
0 3 1
0 4 1
4
0 0 1
1 0 1
0 1 2
0 3 2
4
0 0 1
1 0 2
0 1 1
0 2 3
5
0 0 1
1 0 1
2 0 1
3 0 1
0 1 4
1
0 0 5
6
0 0 1
0 1 1
0 2 1
0 3 1
0 4 1
0 5 1
3
0 0 2
0 2 2
0 4 2
2
0 0 3
0 3 3
3
0 0 2
2 0 2
0 2 4
5
0 0 2
2 0 3
0 2 2
2 3 3
0 4 2
1
0 0 6
7
0 0 1
0 1 1
0 2 1
0 3 1
0 4 1
0 5 1
0 6 1
5
0 0 1
1 0 1
0 1 2
0 3 2
0 5 2
5
0 0 1
1 0 1
2 0 1
0 1 3
0 4 3
5
0 0 1
1 0 3
0 1 1
0 2 1
0 3 4
5
0 0 1
1 0 2
3 0 2
0 1 1
0 2 5
5
0 0 2
2 0 4
0 2 2
0 4 3
3 4 3
1
0 0 7
8
0 0 1
0 1 1
0 2 1
0 3 1
0 4 1
0 5 1
0 6 1
0 7 1
4
0 0 2
0 2 2
0 4 2
0 6 2
5
0 0 1
1 0 2
0 1 1
0 2 3
0 5 3
2
0 0 4
0 4 4
5
0 0 1
1 0 1
2 0 3
0 1 2
0 3 5
4
0 0 2
2 0 2
4 0 2
0 2 6
7
0 0 1
1 0 2
3 0 4
0 1 1
0 2 3
3 4 4
0 5 3
1
0 0 8
9
0 0 1
0 1 1
0 2 1
0 3 1
0 4 1
0 5 1
0 6 1
0 7 1
0 8 1
6
0 0 1
1 0 1
0 1 2
0 3 2
0 5 2
0 7 2
3
0 0 3
0 3 3
0 6 3
6
0 0 1
1 0 1
2 0 1
3 0 1
0 1 4
0 5 4
6
0 0 1
1 0 4
0 1 1
0 2 1
0 3 1
0 4 5
3
0 0 3
3 0 3
0 3 6
6
0 0 1
1 0 2
3 0 2
5 0 2
0 1 1
0 2 7
7
0 0 1
1 0 2
3 0 5
0 1 1
0 2 3
0 5 4
4 5 4
1
0 0 9
10
0 0 1
0 1 1
0 2 1
0 3 1
0 4 1
0 5 1
0 6 1
0 7 1
0 8 1
0 9 1
5
0 0 2
0 2 2
0 4 2
0 6 2
0 8 2
6
0 0 1
1 0 1
2 0 1
0 1 3
0 4 3
0 7 3
4
0 0 2
2 0 2
0 2 4
0 6 4
2
0 0 5
0 5 5
4
0 0 2
2 0 4
0 2 2
0 4 6
6
0 0 1
1 0 3
4 0 3
0 1 1
0 2 1
0 3 7
5
0 0 2
2 0 2
4 0 2
6 0 2
0 2 8
6
0 0 2
2 0 2
4 0 5
0 2 4
4 5 5
0 6 4
1
0 0 10
11
0 0 1
0 1 1
0 2 1
0 3 1
0 4 1
0 5 1
0 6 1
0 7 1
0 8 1
0 9 1
0 10 1
7
0 0 1
1 0 1
0 1 2
0 3 2
0 5 2
0 7 2
0 9 2
6
0 0 1
1 0 2
0 1 1
0 2 3
0 5 3
0 8 3
6
0 0 1
1 0 3
0 1 1
0 2 1
0 3 4
0 7 4
6
0 0 2
2 0 3
0 2 2
2 3 3
0 4 2
0 6 5
6
0 0 2
2 0 2
4 0 2
0 2 3
3 2 3
0 5 6
6
0 0 1
1 0 1
2 0 1
3 0 4
0 1 3
0 4 7
6
0 0 1
1 0 1
2 0 3
5 0 3
0 1 2
0 3 8
7
0 0 1
1 0 2
3 0 2
5 0 2
7 0 2
0 1 1
0 2 9
6
0 0 2
2 0 2
4 0 6
0 2 4
0 6 5
5 6 5
1
0 0 11
12
0 0 1
0 1 1
0 2 1
0 3 1
0 4 1
0 5 1
0 6 1
0 7 1
0 8 1
0 9 1
0 10 1
0 11 1
6
0 0 2
0 2 2
0 4 2
0 6 2
0 8 2
0 10 2
4
0 0 3
0 3 3
0 6 3
0 9 3
3
0 0 4
0 4 4
0 8 4
6
0 0 1
1 0 2
3 0 2
0 1 1
0 2 5
0 7 5
2
0 0 6
0 6 6
6
0 0 1
1 0 1
2 0 5
0 1 2
0 3 2
0 5 7
3
0 0 4
4 0 4
0 4 8
4
0 0 3
3 0 3
6 0 3
0 3 9
5
0 0 4
4 0 6
0 4 4
4 6 6
0 8 4
7
0 0 3
3 0 4
7 0 4
0 3 3
3 4 8
0 6 3
0 9 3
1
0 0 12
13
0 0 1
0 1 1
0 2 1
0 3 1
0 4 1
0 5 1
0 6 1
0 7 1
0 8 1
0 9 1
0 10 1
0 11 1
0 12 1
8
0 0 1
1 0 1
0 1 2
0 3 2
0 5 2
0 7 2
0 9 2
0 11 2
7
0 0 1
1 0 1
2 0 1
0 1 3
0 4 3
0 7 3
0 10 3
7
0 0 1
1 0 1
2 0 1
3 0 1
0 1 4
0 5 4
0 9 4
6
0 0 1
1 0 1
2 0 3
0 1 2
0 3 5
0 8 5
6
0 0 2
2 0 4
0 2 2
0 4 3
3 4 3
0 7 6
6
0 0 2
2 0 2
4 0 3
0 2 4
4 3 3
0 6 7
6
0 0 1
1 0 2
3 0 5
0 1 1
0 2 3
0 5 8
7
0 0 1
1 0 4
5 0 4
0 1 1
0 2 1
0 3 1
0 4 9
7
0 0 1
1 0 3
4 0 3
7 0 3
0 1 1
0 2 1
0 3 10
6
0 0 4
4 0 7
0 4 4
4 7 1
5 7 6
0 8 5
7
0 0 3
3 0 9
0 3 3
0 6 3
0 9 4
4 9 4
8 9 4
1
0 0 13
14
0 0 1
0 1 1
0 2 1
0 3 1
0 4 1
0 5 1
0 6 1
0 7 1
0 8 1
0 9 1
0 10 1
0 11 1
0 12 1
0 13 1
7
0 0 2
0 2 2
0 4 2
0 6 2
0 8 2
0 10 2
0 12 2
7
0 0 1
1 0 2
0 1 1
0 2 3
0 5 3
0 8 3
0 11 3
5
0 0 2
2 0 2
0 2 4
0 6 4
0 10 4
7
0 0 1
1 0 4
0 1 1
0 2 1
0 3 1
0 4 5
0 9 5
5
0 0 2
2 0 2
4 0 2
0 2 6
0 8 6
2
0 0 7
0 7 7
5
0 0 2
2 0 6
0 2 2
0 4 2
0 6 8
7
0 0 1
1 0 1
2 0 1
3 0 1
4 0 5
0 1 4
0 5 9
5
0 0 2
2 0 4
6 0 4
0 2 2
0 4 10
7
0 0 1
1 0 1
2 0 3
5 0 3
8 0 3
0 1 2
0 3 11
5
0 0 4
4 0 8
0 4 4
0 8 6
6 8 6
7
0 0 2
2 0 2
4 0 2
6 0 7
0 2 6
6 7 7
0 8 6
1
0 0 14
15
0 0 1
0 1 1
0 2 1
0 3 1
0 4 1
0 5 1
0 6 1
0 7 1
0 8 1
0 9 1
0 10 1
0 11 1
0 12 1
0 13 1
0 14 1
9
0 0 1
1 0 1
0 1 2
0 3 2
0 5 2
0 7 2
0 9 2
0 11 2
0 13 2
5
0 0 3
0 3 3
0 6 3
0 9 3
0 12 3
7
0 0 1
1 0 3
0 1 1
0 2 1
0 3 4
0 7 4
0 11 4
3
0 0 5
0 5 5
0 10 5
4
0 0 3
3 0 3
0 3 6
0 9 6
8
0 0 1
1 0 2
3 0 4
0 1 1
0 2 3
3 4 4
0 5 3
0 8 7
8
0 0 1
1 0 1
2 0 3
5 0 3
0 1 2
0 3 4
4 3 4
0 7 8
4
0 0 3
3 0 6
0 3 3
0 6 9
3
0 0 5
5 0 5
0 5 10
7
0 0 1
1 0 1
2 0 1
3 0 4
7 0 4
0 1 3
0 4 11
5
0 0 3
3 0 3
6 0 3
9 0 3
0 3 12
8
0 0 3
3 0 5
8 0 5
0 3 3
3 5 10
0 6 3
0 9 3
0 12 3
7
0 0 2
2 0 2
4 0 2
6 0 8
0 2 6
0 8 7
7 8 7
1
0 0 15
16
0 0 1
0 1 1
0 2 1
0 3 1
0 4 1
0 5 1
0 6 1
0 7 1
0 8 1
0 9 1
0 10 1
0 11 1
0 12 1
0 13 1
0 14 1
0 15 1
8
0 0 2
0 2 2
0 4 2
0 6 2
0 8 2
0 10 2
0 12 2
0 14 2
8
0 0 1
1 0 1
2 0 1
0 1 3
0 4 3
0 7 3
0 10 3
0 13 3
4
0 0 4
0 4 4
0 8 4
0 12 4
7
0 0 2
2 0 3
0 2 2
2 3 3
0 4 2
0 6 5
0 11 5
5
0 0 2
2 0 4
0 2 2
0 4 6
0 10 6
7
0 0 1
1 0 2
3 0 2
5 0 2
0 1 1
0 2 7
0 9 7
2
0 0 8
0 8 8
7
0 0 1
1 0 1
2 0 7
0 1 2
0 3 2
0 5 2
0 7 9
5
0 0 2
2 0 2
4 0 6
0 2 4
0 6 10
7
0 0 2
2 0 2
4 0 2
6 0 5
0 2 3
3 2 3
0 5 11
4
0 0 4
4 0 4
8 0 4
0 4 12
8
0 0 1
1 0 3
4 0 3
7 0 3
10 0 3
0 1 1
0 2 1
0 3 13
7
0 0 2
2 0 4
6 0 8
0 2 2
0 4 6
6 8 8
0 10 6
7
0 0 3
3 0 6
9 0 6
0 3 3
0 6 5
5 6 10
0 11 5
1
0 0 16
17
0 0 1
0 1 1
0 2 1
0 3 1
0 4 1
0 5 1
0 6 1
0 7 1
0 8 1
0 9 1
0 10 1
0 11 1
0 12 1
0 13 1
0 14 1
0 15 1
0 16 1
10
0 0 1
1 0 1
0 1 2
0 3 2
0 5 2
0 7 2
0 9 2
0 11 2
0 13 2
0 15 2
8
0 0 1
1 0 2
0 1 1
0 2 3
0 5 3
0 8 3
0 11 3
0 14 3
8
0 0 1
1 0 1
2 0 1
3 0 1
0 1 4
0 5 4
0 9 4
0 13 4
7
0 0 1
1 0 2
3 0 2
0 1 1
0 2 5
0 7 5
0 12 5
7
0 0 2
2 0 2
4 0 2
0 2 3
3 2 3
0 5 6
0 11 6
7
0 0 1
1 0 3
4 0 3
0 1 1
0 2 1
0 3 7
0 10 7
8
0 0 1
1 0 2
3 0 5
0 1 1
0 2 3
0 5 4
4 5 4
0 9 8
8
0 0 1
1 0 1
2 0 3
5 0 4
0 1 2
0 3 5
5 4 4
0 8 9
7
0 0 1
1 0 1
2 0 1
3 0 7
0 1 3
0 4 3
0 7 10
7
0 0 2
2 0 3
5 0 6
0 2 2
2 3 3
0 4 2
0 6 11
7
0 0 1
1 0 1
2 0 5
7 0 5
0 1 2
0 3 2
0 5 12
8
0 0 1
1 0 4
5 0 4
9 0 4
0 1 1
0 2 1
0 3 1
0 4 13
7
0 0 2
2 0 2
4 0 10
0 2 4
0 6 4
0 10 7
7 10 7
8
0 0 2
2 0 4
6 0 9
0 2 2
0 4 6
6 9 1
7 9 8
0 10 7
8
0 0 5
5 0 4
9 0 7
5 4 1
6 4 3
0 5 6
6 7 10
0 11 6
1
0 0 17
18
0 0 1
0 1 1
0 2 1
0 3 1
0 4 1
0 5 1
0 6 1
0 7 1
0 8 1
0 9 1
0 10 1
0 11 1
0 12 1
0 13 1
0 14 1
0 15 1
0 16 1
0 17 1
9
0 0 2
0 2 2
0 4 2
0 6 2
0 8 2
0 10 2
0 12 2
0 14 2
0 16 2
6
0 0 3
0 3 3
0 6 3
0 9 3
0 12 3
0 15 3
6
0 0 2
2 0 2
0 2 4
0 6 4
0 10 4
0 14 4
7
0 0 1
1 0 1
2 0 3
0 1 2
0 3 5
0 8 5
0 13 5
3
0 0 6
0 6 6
0 12 6
7
0 0 1
1 0 1
2 0 1
3 0 4
0 1 3
0 4 7
0 11 7
6
0 0 2
2 0 2
4 0 2
6 0 2
0 2 8
0 10 8
2
0 0 9
0 9 9
6
0 0 2
2 0 8
0 2 2
0 4 2
0 6 2
0 8 10
7
0 0 1
1 0 3
4 0 7
0 1 1
0 2 1
0 3 4
0 7 11
3
0 0 6
6 0 6
0 6 12
7
0 0 1
1 0 2
3 0 5
8 0 5
0 1 1
0 2 3
0 5 13
6
0 0 2
2 0 4
6 0 4
10 0 4
0 2 2
0 4 14
5
0 0 6
6 0 9
0 6 6
6 9 9
0 12 6
7
0 0 2
2 0 4
6 0 10
0 2 2
0 4 6
0 10 8
8 10 8
8
0 0 2
2 0 2
4 0 2
6 0 2
8 0 9
0 2 8
8 9 9
0 10 8
1
0 0 18
19
0 0 1
0 1 1
0 2 1
0 3 1
0 4 1
0 5 1
0 6 1
0 7 1
0 8 1
0 9 1
0 10 1
0 11 1
0 12 1
0 13 1
0 14 1
0 15 1
0 16 1
0 17 1
0 18 1
11
0 0 1
1 0 1
0 1 2
0 3 2
0 5 2
0 7 2
0 9 2
0 11 2
0 13 2
0 15 2
0 17 2
9
0 0 1
1 0 1
2 0 1
0 1 3
0 4 3
0 7 3
0 10 3
0 13 3
0 16 3
8
0 0 1
1 0 3
0 1 1
0 2 1
0 3 4
0 7 4
0 11 4
0 15 4
8
0 0 1
1 0 4
0 1 1
0 2 1
0 3 1
0 4 5
0 9 5
0 14 5
7
0 0 2
2 0 4
0 2 2
0 4 3
3 4 3
0 7 6
0 13 6
7
0 0 1
1 0 1
2 0 5
0 1 2
0 3 2
0 5 7
0 12 7
7
0 0 1
1 0 1
2 0 3
5 0 3
0 1 2
0 3 8
0 11 8
7
0 0 2
2 0 2
4 0 5
0 2 4
4 5 5
0 6 4
0 10 9
7
0 0 2
2 0 4
6 0 4
0 2 2
0 4 5
5 4 5
0 9 10
7
0 0 1
1 0 2
3 0 8
0 1 1
0 2 3
0 5 3
0 8 11
7
0 0 1
1 0 2
3 0 2
5 0 7
0 1 1
0 2 5
0 7 12
7
0 0 2
2 0 2
4 0 3
7 0 6
0 2 4
4 3 3
0 6 13
7
0 0 4
4 0 4
8 0 6
0 4 8
8 6 6
0 12 7
7 12 7
7
0 0 3
3 0 3
6 0 9
0 3 6
0 9 5
5 9 10
0 14 5
7
0 0 6
6 0 10
0 6 6
6 10 1
7 10 9
6 11 1
0 12 7
9
0 0 3
3 0 7
10 0 7
0 3 3
0 6 3
3 7 2
5 7 12
0 9 5
0 14 5
7
0 0 5
5 0 5
10 0 8
0 5 7
7 5 3
7 8 11
0 12 7
1
0 0 19
20
0 0 1
0 1 1
0 2 1
0 3 1
0 4 1
0 5 1
0 6 1
0 7 1
0 8 1
0 9 1
0 10 1
0 11 1
0 12 1
0 13 1
0 14 1
0 15 1
0 16 1
0 17 1
0 18 1
0 19 1
10
0 0 2
0 2 2
0 4 2
0 6 2
0 8 2
0 10 2
0 12 2
0 14 2
0 16 2
0 18 2
9
0 0 1
1 0 2
0 1 1
0 2 3
0 5 3
0 8 3
0 11 3
0 14 3
0 17 3
5
0 0 4
0 4 4
0 8 4
0 12 4
0 16 4
4
0 0 5
0 5 5
0 10 5
0 15 5
6
0 0 2
2 0 2
4 0 2
0 2 6
0 8 6
0 14 6
7
0 0 2
2 0 2
4 0 3
0 2 4
4 3 3
0 6 7
0 13 7
4
0 0 4
4 0 4
0 4 8
0 12 8
8
0 0 1
1 0 2
3 0 2
5 0 2
7 0 2
0 1 1
0 2 9
0 11 9
2
0 0 10
0 10 10
8
0 0 1
1 0 1
2 0 9
0 1 2
0 3 2
0 5 2
0 7 2
0 9 11
4
0 0 4
4 0 8
0 4 4
0 8 12
7
0 0 2
2 0 4
6 0 7
0 2 2
0 4 3
3 4 3
0 7 13
6
0 0 2
2 0 6
8 0 6
0 2 2
0 4 2
0 6 14
4
0 0 5
5 0 5
10 0 5
0 5 15
5
0 0 4
4 0 4
8 0 4
12 0 4
0 4 16
7
0 0 6
6 0 11
0 6 6
6 11 1
7 11 1
8 11 9
0 12 8
6
0 0 4
4 0 4
8 0 10
0 4 8
8 10 10
0 12 8
9
0 0 4
4 0 5
9 0 5
14 0 5
0 4 4
4 5 15
0 8 4
0 12 4
0 16 4
1
0 0 20
21
0 0 1
0 1 1
0 2 1
0 3 1
0 4 1
0 5 1
0 6 1
0 7 1
0 8 1
0 9 1
0 10 1
0 11 1
0 12 1
0 13 1
0 14 1
0 15 1
0 16 1
0 17 1
0 18 1
0 19 1
0 20 1
12
0 0 1
1 0 1
0 1 2
0 3 2
0 5 2
0 7 2
0 9 2
0 11 2
0 13 2
0 15 2
0 17 2
0 19 2
7
0 0 3
0 3 3
0 6 3
0 9 3
0 12 3
0 15 3
0 18 3
9
0 0 1
1 0 1
2 0 1
3 0 1
0 1 4
0 5 4
0 9 4
0 13 4
0 17 4
8
0 0 2
2 0 3
0 2 2
2 3 3
0 4 2
0 6 5
0 11 5
0 16 5
5
0 0 3
3 0 3
0 3 6
0 9 6
0 15 6
3
0 0 7
0 7 7
0 14 7
7
0 0 1
1 0 2
3 0 5
0 1 1
0 2 3
0 5 8
0 13 8
5
0 0 3
3 0 3
6 0 3
0 3 9
0 12 9
7
0 0 2
2 0 2
4 0 6
0 2 4
0 6 5
5 6 5
0 11 10
7
0 0 2
2 0 4
6 0 5
0 2 2
0 4 6
6 5 5
0 10 11
5
0 0 3
3 0 9
0 3 3
0 6 3
0 9 12
7
0 0 1
1 0 1
2 0 3
5 0 8
0 1 2
0 3 5
0 8 13
3
0 0 7
7 0 7
0 7 14
5
0 0 3
3 0 6
9 0 6
0 3 3
0 6 15
8
0 0 2
2 0 2
4 0 2
6 0 5
11 0 5
0 2 3
3 2 3
0 5 16
9
0 0 1
1 0 4
5 0 4
9 0 4
13 0 4
0 1 1
0 2 1
0 3 1
0 4 17
5
0 0 6
6 0 12
0 6 6
0 12 9
9 12 9
7
0 0 4
4 0 4
8 0 11
0 4 8
8 11 1
9 11 10
0 12 9
8
0 0 3
3 0 3
6 0 7
13 0 7
0 3 6
6 7 14
0 9 6
0 15 6
1
0 0 21
22
0 0 1
0 1 1
0 2 1
0 3 1
0 4 1
0 5 1
0 6 1
0 7 1
0 8 1
0 9 1
0 10 1
0 11 1
0 12 1
0 13 1
0 14 1
0 15 1
0 16 1
0 17 1
0 18 1
0 19 1
0 20 1
0 21 1
11
0 0 2
0 2 2
0 4 2
0 6 2
0 8 2
0 10 2
0 12 2
0 14 2
0 16 2
0 18 2
0 20 2
10
0 0 1
1 0 1
2 0 1
0 1 3
0 4 3
0 7 3
0 10 3
0 13 3
0 16 3
0 19 3
7
0 0 2
2 0 2
0 2 4
0 6 4
0 10 4
0 14 4
0 18 4
8
0 0 1
1 0 2
3 0 2
0 1 1
0 2 5
0 7 5
0 12 5
0 17 5
6
0 0 2
2 0 4
0 2 2
0 4 6
0 10 6
0 16 6
9
0 0 1
1 0 2
3 0 4
0 1 1
0 2 3
3 4 4
0 5 3
0 8 7
0 15 7
6
0 0 2
2 0 6
0 2 2
0 4 2
0 6 8
0 14 8
8
0 0 1
1 0 4
5 0 4
0 1 1
0 2 1
0 3 1
0 4 9
0 13 9
6
0 0 4
4 0 6
0 4 4
4 6 6
0 8 4
0 12 10
2
0 0 11
0 11 11
6
0 0 4
4 0 4
8 0 4
0 4 6
6 4 6
0 10 12
8
0 0 1
1 0 1
2 0 1
3 0 1
4 0 9
0 1 4
0 5 4
0 9 13
6
0 0 2
2 0 2
4 0 2
6 0 8
0 2 6
0 8 14
8
0 0 3
3 0 12
0 3 3
0 6 3
0 9 3
0 12 5
5 12 10
0 17 5
6
0 0 2
2 0 2
4 0 6
10 0 6
0 2 4
0 6 16
8
0 0 1
1 0 1
2 0 5
7 0 5
12 0 5
0 1 2
0 3 2
0 5 17
7
0 0 2
2 0 4
6 0 4
10 0 4
14 0 4
0 2 2
0 4 18
8
0 0 2
2 0 6
8 0 11
0 2 2
0 4 2
0 6 8
8 11 11
0 14 8
6
0 0 4
4 0 4
8 0 12
0 4 8
0 12 10
10 12 10
8
0 0 3
3 0 3
6 0 15
0 3 6
0 9 6
0 15 7
7 15 7
14 15 7
1
0 0 22
23
0 0 1
0 1 1
0 2 1
0 3 1
0 4 1
0 5 1
0 6 1
0 7 1
0 8 1
0 9 1
0 10 1
0 11 1
0 12 1
0 13 1
0 14 1
0 15 1
0 16 1
0 17 1
0 18 1
0 19 1
0 20 1
0 21 1
0 22 1
13
0 0 1
1 0 1
0 1 2
0 3 2
0 5 2
0 7 2
0 9 2
0 11 2
0 13 2
0 15 2
0 17 2
0 19 2
0 21 2
10
0 0 1
1 0 2
0 1 1
0 2 3
0 5 3
0 8 3
0 11 3
0 14 3
0 17 3
0 20 3
9
0 0 1
1 0 3
0 1 1
0 2 1
0 3 4
0 7 4
0 11 4
0 15 4
0 19 4
8
0 0 1
1 0 1
2 0 3
0 1 2
0 3 5
0 8 5
0 13 5
0 18 5
8
0 0 2
2 0 2
4 0 2
0 2 3
3 2 3
0 5 6
0 11 6
0 17 6
8
0 0 1
1 0 2
3 0 2
5 0 2
0 1 1
0 2 7
0 9 7
0 16 7
9
0 0 1
1 0 1
2 0 3
5 0 3
0 1 2
0 3 4
4 3 4
0 7 8
0 15 8
8
0 0 1
1 0 1
2 0 1
3 0 1
4 0 5
0 1 4
0 5 9
0 14 9
8
0 0 1
1 0 3
4 0 3
7 0 3
0 1 1
0 2 1
0 3 10
0 13 10
8
0 0 3
3 0 4
7 0 4
0 3 3
3 4 8
0 6 3
0 9 3
0 12 11
8
0 0 3
3 0 3
6 0 3
9 0 3
0 3 4
4 3 8
0 7 4
0 11 12
8
0 0 1
1 0 1
2 0 1
3 0 10
0 1 3
0 4 3
0 7 3
0 10 13
8
0 0 1
1 0 4
5 0 9
0 1 1
0 2 1
0 3 1
0 4 5
0 9 14
8
0 0 5
5 0 5
10 0 5
0 5 6
6 5 9
0 11 6
6 14 9
0 17 6
8
0 0 1
1 0 1
2 0 7
9 0 7
0 1 2
0 3 2
0 5 2
0 7 16
8
0 0 2
2 0 3
5 0 6
11 0 6
0 2 2
2 3 3
0 4 2
0 6 17
8
0 0 1
1 0 2
3 0 5
8 0 5
13 0 5
0 1 1
0 2 3
0 5 18
9
0 0 1
1 0 1
2 0 1
3 0 4
7 0 4
11 0 4
15 0 4
0 1 3
0 4 19
8
0 0 4
4 0 8
12 0 8
0 4 4
0 8 5
5 8 15
0 13 5
0 18 5
8
0 0 3
3 0 9
12 0 9
0 3 3
0 6 3
0 9 7
7 9 14
0 16 7
8
0 0 4
4 0 6
10 0 12
0 4 4
4 6 6
0 8 4
0 12 11
11 12 11
1
0 0 23
24
0 0 1
0 1 1
0 2 1
0 3 1
0 4 1
0 5 1
0 6 1
0 7 1
0 8 1
0 9 1
0 10 1
0 11 1
0 12 1
0 13 1
0 14 1
0 15 1
0 16 1
0 17 1
0 18 1
0 19 1
0 20 1
0 21 1
0 22 1
0 23 1
12
0 0 2
0 2 2
0 4 2
0 6 2
0 8 2
0 10 2
0 12 2
0 14 2
0 16 2
0 18 2
0 20 2
0 22 2
8
0 0 3
0 3 3
0 6 3
0 9 3
0 12 3
0 15 3
0 18 3
0 21 3
6
0 0 4
0 4 4
0 8 4
0 12 4
0 16 4
0 20 4
9
0 0 1
1 0 4
0 1 1
0 2 1
0 3 1
0 4 5
0 9 5
0 14 5
0 19 5
4
0 0 6
0 6 6
0 12 6
0 18 6
8
0 0 1
1 0 3
4 0 3
0 1 1
0 2 1
0 3 7
0 10 7
0 17 7
3
0 0 8
0 8 8
0 16 8
5
0 0 3
3 0 6
0 3 3
0 6 9
0 15 9
6
0 0 2
2 0 4
6 0 4
0 2 2
0 4 10
0 14 10
7
0 0 4
4 0 7
0 4 4
4 7 1
5 7 6
0 8 5
0 13 11
2
0 0 12
0 12 12
7
0 0 4
4 0 4
8 0 5
0 4 7
7 4 1
7 5 6
0 11 13
6
0 0 2
2 0 2
4 0 10
0 2 4
0 6 4
0 10 14
5
0 0 3
3 0 3
6 0 9
0 3 6
0 9 15
3
0 0 8
8 0 8
0 8 16
8
0 0 1
1 0 1
2 0 1
3 0 7
10 0 7
0 1 3
0 4 3
0 7 17
4
0 0 6
6 0 6
12 0 6
0 6 18
9
0 0 1
1 0 1
2 0 1
3 0 1
4 0 5
9 0 5
14 0 5
0 1 4
0 5 19
5
0 0 8
8 0 12
0 8 8
8 12 12
0 16 8
7
0 0 3
3 0 6
9 0 12
0 3 3
0 6 9
9 12 12
0 15 9
7
0 0 6
6 0 8
14 0 8
0 6 6
6 8 16
0 12 6
0 18 6
8
0 0 3
3 0 3
6 0 9
15 0 8
0 3 6
15 8 8
0 9 15
15 16 8
1
0 0 24
25
0 0 1
0 1 1
0 2 1
0 3 1
0 4 1
0 5 1
0 6 1
0 7 1
0 8 1
0 9 1
0 10 1
0 11 1
0 12 1
0 13 1
0 14 1
0 15 1
0 16 1
0 17 1
0 18 1
0 19 1
0 20 1
0 21 1
0 22 1
0 23 1
0 24 1
14
0 0 1
1 0 1
0 1 2
0 3 2
0 5 2
0 7 2
0 9 2
0 11 2
0 13 2
0 15 2
0 17 2
0 19 2
0 21 2
0 23 2
11
0 0 1
1 0 1
2 0 1
0 1 3
0 4 3
0 7 3
0 10 3
0 13 3
0 16 3
0 19 3
0 22 3
10
0 0 1
1 0 1
2 0 1
3 0 1
0 1 4
0 5 4
0 9 4
0 13 4
0 17 4
0 21 4
5
0 0 5
0 5 5
0 10 5
0 15 5
0 20 5
8
0 0 2
2 0 4
0 2 2
0 4 3
3 4 3
0 7 6
0 13 6
0 19 6
8
0 0 1
1 0 1
2 0 1
3 0 4
0 1 3
0 4 7
0 11 7
0 18 7
9
0 0 1
1 0 2
3 0 5
0 1 1
0 2 3
0 5 4
4 5 4
0 9 8
0 17 8
8
0 0 1
1 0 1
2 0 7
0 1 2
0 3 2
0 5 2
0 7 9
0 16 9
4
0 0 5
5 0 5
0 5 10
0 15 10
8
0 0 1
1 0 1
2 0 3
5 0 3
8 0 3
0 1 2
0 3 11
0 14 11
8
0 0 3
3 0 9
0 3 3
0 6 3
0 9 4
4 9 4
8 9 4
0 13 12
8
0 0 3
3 0 3
6 0 3
9 0 4
0 3 9
9 4 4
9 8 4
0 12 13
8
0 0 1
1 0 2
3 0 11
0 1 1
0 2 3
0 5 3
0 8 3
0 11 14
4
0 0 5
5 0 10
0 5 5
0 10 15
8
0 0 1
1 0 2
3 0 2
5 0 2
7 0 9
0 1 1
0 2 7
0 9 16
9
0 0 1
1 0 1
2 0 3
5 0 4
9 0 8
0 1 2
0 3 5
5 4 4
0 8 17
8
0 0 1
1 0 3
4 0 7
11 0 7
0 1 1
0 2 1
0 3 4
0 7 18
8
0 0 2
2 0 2
4 0 3
7 0 6
13 0 6
0 2 4
4 3 3
0 6 19
5
0 0 5
5 0 5
10 0 5
15 0 5
0 5 20
8
0 0 6
6 0 6
12 0 9
0 6 12
12 9 9
0 18 7
7 18 7
14 18 7
8
0 0 2
2 0 6
8 0 14
0 2 2
0 4 2
0 6 8
0 14 11
11 14 11
8
0 0 6
6 0 17
0 6 6
0 12 6
6 17 1
7 17 8
15 17 8
0 18 7
8
0 0 3
3 0 3
6 0 9
15 0 9
0 3 6
0 9 8
8 9 16
0 17 8
1
0 0 25
26
0 0 1
0 1 1
0 2 1
0 3 1
0 4 1
0 5 1
0 6 1
0 7 1
0 8 1
0 9 1
0 10 1
0 11 1
0 12 1
0 13 1
0 14 1
0 15 1
0 16 1
0 17 1
0 18 1
0 19 1
0 20 1
0 21 1
0 22 1
0 23 1
0 24 1
0 25 1
13
0 0 2
0 2 2
0 4 2
0 6 2
0 8 2
0 10 2
0 12 2
0 14 2
0 16 2
0 18 2
0 20 2
0 22 2
0 24 2
11
0 0 1
1 0 2
0 1 1
0 2 3
0 5 3
0 8 3
0 11 3
0 14 3
0 17 3
0 20 3
0 23 3
8
0 0 2
2 0 2
0 2 4
0 6 4
0 10 4
0 14 4
0 18 4
0 22 4
9
0 0 2
2 0 3
0 2 2
2 3 3
0 4 2
0 6 5
0 11 5
0 16 5
0 21 5
7
0 0 2
2 0 2
4 0 2
0 2 6
0 8 6
0 14 6
0 20 6
8
0 0 1
1 0 1
2 0 5
0 1 2
0 3 2
0 5 7
0 12 7
0 19 7
7
0 0 2
2 0 2
4 0 2
6 0 2
0 2 8
0 10 8
0 18 8
9
0 0 1
1 0 1
2 0 3
5 0 4
0 1 2
0 3 5
5 4 4
0 8 9
0 17 9
6
0 0 2
2 0 2
4 0 6
0 2 4
0 6 10
0 16 10
8
0 0 1
1 0 1
2 0 1
3 0 4
7 0 4
0 1 3
0 4 11
0 15 11
6
0 0 4
4 0 8
0 4 4
0 8 6
6 8 6
0 14 12
2
0 0 13
0 13 13
6
0 0 4
4 0 4
8 0 6
0 4 8
8 6 6
0 12 14
8
0 0 1
1 0 3
4 0 11
0 1 1
0 2 1
0 3 4
0 7 4
0 11 15
6
0 0 2
2 0 4
6 0 10
0 2 2
0 4 6
0 10 16
9
0 0 1
1 0 2
3 0 5
8 0 9
0 1 1
0 2 3
0 5 4
4 5 4
0 9 17
7
0 0 2
2 0 8
10 0 8
0 2 2
0 4 2
0 6 2
0 8 18
8
0 0 1
1 0 2
3 0 2
5 0 7
12 0 7
0 1 1
0 2 5
0 7 19
7
0 0 2
2 0 6
8 0 6
14 0 6
0 2 2
0 4 2
0 6 20
8
0 0 3
3 0 3
6 0 3
9 0 12
0 3 9
0 12 7
7 12 14
0 19 7
6
0 0 8
8 0 14
0 8 8
8 14 2
10 14 12
0 16 10
8
0 0 2
2 0 2
4 0 6
10 0 13
0 2 4
0 6 10
10 13 13
0 16 10
7
0 0 6
6 0 18
0 6 6
0 12 6
0 18 8
8 18 8
16 18 8
8
0 0 4
4 0 8
12 0 13
0 4 4
0 8 6
6 8 6
12 13 13
0 14 12
1
0 0 26
27
0 0 1
0 1 1
0 2 1
0 3 1
0 4 1
0 5 1
0 6 1
0 7 1
0 8 1
0 9 1
0 10 1
0 11 1
0 12 1
0 13 1
0 14 1
0 15 1
0 16 1
0 17 1
0 18 1
0 19 1
0 20 1
0 21 1
0 22 1
0 23 1
0 24 1
0 25 1
0 26 1
15
0 0 1
1 0 1
0 1 2
0 3 2
0 5 2
0 7 2
0 9 2
0 11 2
0 13 2
0 15 2
0 17 2
0 19 2
0 21 2
0 23 2
0 25 2
9
0 0 3
0 3 3
0 6 3
0 9 3
0 12 3
0 15 3
0 18 3
0 21 3
0 24 3
10
0 0 1
1 0 3
0 1 1
0 2 1
0 3 4
0 7 4
0 11 4
0 15 4
0 19 4
0 23 4
9
0 0 1
1 0 2
3 0 2
0 1 1
0 2 5
0 7 5
0 12 5
0 17 5
0 22 5
6
0 0 3
3 0 3
0 3 6
0 9 6
0 15 6
0 21 6
8
0 0 2
2 0 2
4 0 3
0 2 4
4 3 3
0 6 7
0 13 7
0 20 7
8
0 0 1
1 0 1
2 0 3
5 0 3
0 1 2
0 3 8
0 11 8
0 19 8
3
0 0 9
0 9 9
0 18 9
8
0 0 1
1 0 1
2 0 1
3 0 7
0 1 3
0 4 3
0 7 10
0 17 10
8
0 0 2
2 0 2
4 0 2
6 0 5
0 2 3
3 2 3
0 5 11
0 16 11
6
0 0 3
3 0 3
6 0 3
9 0 3
0 3 12
0 15 12
8
0 0 2
2 0 2
4 0 2
6 0 7
0 2 6
6 7 7
0 8 6
0 14 13
8
0 0 2
2 0 6
8 0 6
0 2 2
0 4 2
0 6 7
7 6 7
0 13 14
6
0 0 3
3 0 12
0 3 3
0 6 3
0 9 3
0 12 15
8
0 0 2
2 0 3
5 0 11
0 2 2
2 3 3
0 4 2
0 6 5
0 11 16
8
0 0 1
1 0 3
4 0 3
7 0 10
0 1 1
0 2 1
0 3 7
0 10 17
3
0 0 9
9 0 9
0 9 18
8
0 0 1
1 0 2
3 0 8
11 0 8
0 1 1
0 2 3
0 5 3
0 8 19
8
0 0 2
2 0 4
6 0 7
13 0 7
0 2 2
0 4 3
3 4 3
0 7 20
6
0 0 3
3 0 6
9 0 6
15 0 6
0 3 3
0 6 21
8
0 0 2
2 0 4
6 0 16
0 2 2
0 4 6
0 10 6
0 16 11
11 16 11
8
0 0 6
6 0 6
12 0 11
0 6 7
7 6 5
7 11 16
0 13 7
0 20 7
7
0 0 3
3 0 6
9 0 15
0 3 3
0 6 9
0 15 12
12 15 12
10
0 0 6
6 0 6
12 0 13
0 6 5
5 6 7
0 11 5
5 13 3
8 13 3
11 13 14
0 16 11
8
0 0 4
4 0 8
12 0 14
0 4 4
0 8 6
6 8 6
0 14 13
13 14 13
1
0 0 27
28
0 0 1
0 1 1
0 2 1
0 3 1
0 4 1
0 5 1
0 6 1
0 7 1
0 8 1
0 9 1
0 10 1
0 11 1
0 12 1
0 13 1
0 14 1
0 15 1
0 16 1
0 17 1
0 18 1
0 19 1
0 20 1
0 21 1
0 22 1
0 23 1
0 24 1
0 25 1
0 26 1
0 27 1
14
0 0 2
0 2 2
0 4 2
0 6 2
0 8 2
0 10 2
0 12 2
0 14 2
0 16 2
0 18 2
0 20 2
0 22 2
0 24 2
0 26 2
12
0 0 1
1 0 1
2 0 1
0 1 3
0 4 3
0 7 3
0 10 3
0 13 3
0 16 3
0 19 3
0 22 3
0 25 3
7
0 0 4
0 4 4
0 8 4
0 12 4
0 16 4
0 20 4
0 24 4
9
0 0 1
1 0 1
2 0 3
0 1 2
0 3 5
0 8 5
0 13 5
0 18 5
0 23 5
7
0 0 2
2 0 4
0 2 2
0 4 6
0 10 6
0 16 6
0 22 6
4
0 0 7
0 7 7
0 14 7
0 21 7
5
0 0 4
4 0 4
0 4 8
0 12 8
0 20 8
8
0 0 2
2 0 2
4 0 5
0 2 4
4 5 5
0 6 4
0 10 9
0 19 9
7
0 0 2
2 0 8
0 2 2
0 4 2
0 6 2
0 8 10
0 18 10
8
0 0 2
2 0 3
5 0 6
0 2 2
2 3 3
0 4 2
0 6 11
0 17 11
5
0 0 4
4 0 4
8 0 4
0 4 12
0 16 12
9
0 0 3
3 0 5
8 0 5
0 3 3
3 5 10
0 6 3
0 9 3
0 12 3
0 15 13
2
0 0 14
0 14 14
8
0 0 5
5 0 10
0 5 5
0 10 6
6 10 9
0 16 6
6 19 9
0 22 6
5
0 0 4
4 0 12
0 4 4
0 8 4
0 12 16
8
0 0 2
2 0 2
4 0 2
6 0 11
0 2 3
3 2 3
0 5 6
0 11 17
7
0 0 2
2 0 2
4 0 2
6 0 2
8 0 10
0 2 8
0 10 18
8
0 0 2
2 0 4
6 0 4
10 0 9
0 2 2
0 4 5
5 4 5
0 9 19
5
0 0 4
4 0 8
12 0 8
0 4 4
0 8 20
4
0 0 7
7 0 7
14 0 7
0 7 21
7
0 0 2
2 0 2
4 0 6
10 0 6
16 0 6
0 2 4
0 6 22
9
0 0 1
1 0 2
3 0 5
8 0 5
13 0 5
18 0 5
0 1 1
0 2 3
0 5 23
5
0 0 8
8 0 16
0 8 8
0 16 12
12 16 12
10
0 0 2
2 0 2
4 0 6
10 0 15
0 2 4
0 6 10
10 15 1
11 15 1
12 15 13
0 16 12
7
0 0 4
4 0 4
8 0 4
12 0 14
0 4 12
12 14 14
0 16 12
8
0 0 8
8 0 8
16 0 11
0 8 10
10 8 3
13 8 3
10 11 17
0 18 10
1
0 0 28
29
0 0 1
0 1 1
0 2 1
0 3 1
0 4 1
0 5 1
0 6 1
0 7 1
0 8 1
0 9 1
0 10 1
0 11 1
0 12 1
0 13 1
0 14 1
0 15 1
0 16 1
0 17 1
0 18 1
0 19 1
0 20 1
0 21 1
0 22 1
0 23 1
0 24 1
0 25 1
0 26 1
0 27 1
0 28 1
16
0 0 1
1 0 1
0 1 2
0 3 2
0 5 2
0 7 2
0 9 2
0 11 2
0 13 2
0 15 2
0 17 2
0 19 2
0 21 2
0 23 2
0 25 2
0 27 2
12
0 0 1
1 0 2
0 1 1
0 2 3
0 5 3
0 8 3
0 11 3
0 14 3
0 17 3
0 20 3
0 23 3
0 26 3
11
0 0 1
1 0 1
2 0 1
3 0 1
0 1 4
0 5 4
0 9 4
0 13 4
0 17 4
0 21 4
0 25 4
10
0 0 1
1 0 4
0 1 1
0 2 1
0 3 1
0 4 5
0 9 5
0 14 5
0 19 5
0 24 5
9
0 0 2
2 0 2
4 0 2
0 2 3
3 2 3
0 5 6
0 11 6
0 17 6
0 23 6
10
0 0 1
1 0 2
3 0 4
0 1 1
0 2 3
3 4 4
0 5 3
0 8 7
0 15 7
0 22 7
8
0 0 1
1 0 2
3 0 5
0 1 1
0 2 3
0 5 8
0 13 8
0 21 8
9
0 0 1
1 0 2
3 0 2
5 0 2
7 0 2
0 1 1
0 2 9
0 11 9
0 20 9
8
0 0 2
2 0 4
6 0 4
0 2 2
0 4 5
5 4 5
0 9 10
0 19 10
8
0 0 1
1 0 3
4 0 7
0 1 1
0 2 1
0 3 4
0 7 11
0 18 11
8
0 0 1
1 0 1
2 0 5
7 0 5
0 1 2
0 3 2
0 5 12
0 17 12
9
0 0 1
1 0 3
4 0 3
7 0 3
10 0 3
0 1 1
0 2 1
0 3 13
0 16 13
8
0 0 2
2 0 2
4 0 2
6 0 8
0 2 6
0 8 7
7 8 7
0 15 14
8
0 0 2
2 0 6
8 0 7
0 2 2
0 4 2
0 6 8
8 7 7
0 14 15
9
0 0 1
1 0 1
2 0 1
3 0 13
0 1 3
0 4 3
0 7 3
0 10 3
0 13 16
8
0 0 1
1 0 2
3 0 2
5 0 12
0 1 1
0 2 5
0 7 5
0 12 17
8
0 0 1
1 0 1
2 0 1
3 0 4
7 0 11
0 1 3
0 4 7
0 11 18
8
0 0 2
2 0 2
4 0 5
9 0 10
0 2 4
4 5 5
0 6 4
0 10 19
9
0 0 1
1 0 1
2 0 9
11 0 9
0 1 2
0 3 2
0 5 2
0 7 2
0 9 20
8
0 0 1
1 0 1
2 0 3
5 0 8
13 0 8
0 1 2
0 3 5
0 8 21
9
0 0 2
2 0 2
4 0 18
0 2 4
0 6 4
0 10 4
0 14 4
0 18 11
11 18 11
9
0 0 2
2 0 3
5 0 6
11 0 6
17 0 6
0 2 2
2 3 3
0 4 2
0 6 23
10
0 0 1
1 0 1
2 0 1
3 0 1
4 0 5
9 0 5
14 0 5
19 0 5
0 1 4
0 5 24
10
0 0 10
10 0 15
0 10 8
8 10 1
9 10 1
8 11 2
8 13 2
8 15 3
11 15 14
0 18 11
8
0 0 2
2 0 2
4 0 6
10 0 16
0 2 4
0 6 10
0 16 13
13 16 13
8
0 0 4
4 0 4
8 0 4
12 0 15
0 4 12
12 15 1
13 15 14
0 16 13
9
0 0 4
4 0 8
12 0 8
20 0 8
0 4 4
0 8 7
7 8 21
0 15 7
0 22 7
1
0 0 29
30
0 0 1
0 1 1
0 2 1
0 3 1
0 4 1
0 5 1
0 6 1
0 7 1
0 8 1
0 9 1
0 10 1
0 11 1
0 12 1
0 13 1
0 14 1
0 15 1
0 16 1
0 17 1
0 18 1
0 19 1
0 20 1
0 21 1
0 22 1
0 23 1
0 24 1
0 25 1
0 26 1
0 27 1
0 28 1
0 29 1
15
0 0 2
0 2 2
0 4 2
0 6 2
0 8 2
0 10 2
0 12 2
0 14 2
0 16 2
0 18 2
0 20 2
0 22 2
0 24 2
0 26 2
0 28 2
10
0 0 3
0 3 3
0 6 3
0 9 3
0 12 3
0 15 3
0 18 3
0 21 3
0 24 3
0 27 3
9
0 0 2
2 0 2
0 2 4
0 6 4
0 10 4
0 14 4
0 18 4
0 22 4
0 26 4
6
0 0 5
0 5 5
0 10 5
0 15 5
0 20 5
0 25 5
5
0 0 6
0 6 6
0 12 6
0 18 6
0 24 6
9
0 0 1
1 0 2
3 0 2
5 0 2
0 1 1
0 2 7
0 9 7
0 16 7
0 23 7
7
0 0 2
2 0 6
0 2 2
0 4 2
0 6 8
0 14 8
0 22 8
6
0 0 3
3 0 3
6 0 3
0 3 9
0 12 9
0 21 9
3
0 0 10
0 10 10
0 20 10
8
0 0 1
1 0 2
3 0 8
0 1 1
0 2 3
0 5 3
0 8 11
0 19 11
4
0 0 6
6 0 6
0 6 12
0 18 12
9
0 0 1
1 0 4
5 0 4
9 0 4
0 1 1
0 2 1
0 3 1
0 4 13
0 17 13
8
0 0 2
2 0 4
6 0 8
0 2 2
0 4 6
6 8 8
0 10 6
0 16 14
2
0 0 15
0 15 15
8
0 0 2
2 0 2
4 0 6
10 0 6
0 2 4
0 6 8
8 6 8
0 14 16
9
0 0 1
1 0 1
2 0 1
3 0 1
4 0 13
0 1 4
0 5 4
0 9 4
0 13 17
4
0 0 6
6 0 12
0 6 6
0 12 18
8
0 0 1
1 0 1
2 0 3
5 0 3
8 0 11
0 1 2
0 3 8
0 11 19
3
0 0 10
10 0 10
0 10 20
6
0 0 3
3 0 9
12 0 9
0 3 3
0 6 3
0 9 21
7
0 0 2
2 0 2
4 0 2
6 0 8
14 0 8
0 2 6
0 8 22
9
0 0 1
1 0 1
2 0 7
9 0 7
16 0 7
0 1 2
0 3 2
0 5 2
0 7 23
5
0 0 6
6 0 6
12 0 6
18 0 6
0 6 24
5
0 0 10
10 0 15
0 10 10
10 15 15
0 20 10
8
0 0 6
6 0 10
16 0 10
0 6 6
6 10 20
0 12 6
0 18 6
0 24 6
6
0 0 6
6 0 6
12 0 15
0 6 12
12 15 15
0 18 12
7
0 0 4
4 0 4
8 0 4
12 0 16
0 4 12
0 16 14
14 16 14
9
0 0 3
3 0 3
6 0 3
9 0 10
19 0 10
0 3 9
9 10 20
0 12 9
0 21 9
1
0 0 30
