0.000001
0.000001
0.000001
0.000001
0.000001
0.000001
0.000002
0.000001
0.000001
0.000001
0.000001
0.000002
0.000002
0.000003
0.000002
0.000001
0.000001
0.000001
0.000003
0.000005
0.000002
0.000001
0.000002
0.000004
0.000005
0.000006
0.000007
0.000003
0.000001
0.000001
0.000004
0.000002
0.000009
0.000006
0.000034
0.000003
0.000001
0.000002
0.000002
0.000016
0.000018
0.000004
0.000026
0.000056
0.000005
0.000002
0.000002
0.000009
0.000004
0.000003
0.000009
0.000040
0.000022
0.000045
0.000007
0.000001
0.000004
0.000010
0.000023
0.000036
0.000045
0.000052
0.000058
0.000130
0.000067
0.000010
0.000001
0.000003
0.000004
0.000004
0.000049
0.000007
0.000073
0.000009
0.000018
0.000042
0.000220
0.000013
0.000002
0.000006
0.000024
0.000076
0.000056
0.000081
0.000096
0.000110
0.000270
0.000301
0.000511
0.000326
0.000017
0.000002
0.000004
0.000024
0.000010
0.000177
0.000037
0.000009
0.000057
0.000389
0.000074
0.000444
0.000079
0.000469
0.000020
0.000002
0.000010
0.000006
0.000098
0.000007
0.000014
0.000943
0.001077
0.000030
0.000018
0.000593
0.000100
0.001496
0.000662
0.000025
0.000002
0.000006
0.000062
0.000007
0.000259
0.000042
0.000556
0.000013
0.000756
0.000110
0.000855
0.000048
0.002203
0.000946
0.000980
0.000029
0.000002
0.000017
0.000060
0.000376
0.000310
0.000543
0.000741
0.002197
0.002442
0.001080
0.001137
0.001270
0.003079
0.001253
0.003212
0.006483
0.000034
0.000003
0.000010
0.000010
0.000028
0.000324
0.000011
0.000921
0.000369
0.000017
0.000516
0.001566
0.000030
0.001681
0.000624
0.000205
0.001860
0.005036
0.000040
0.000002
0.000030
0.000166
0.000402
0.001281
0.000773
0.001161
0.001492
0.001746
0.001925
0.002019
0.002132
0.002244
0.002332
0.002308
0.012687
0.030852
0.005328
0.000047
0.000003
0.000017
0.000157
0.000013
0.000013
0.000199
0.001391
0.000033
0.006207
0.000023
0.007159
0.000066
0.002925
0.000969
0.000088
0.000293
0.007630
0.001020
0.025474
0.000053
0.000003
0.000056
0.000021
0.001564
0.001630
0.000048
0.000017
0.002251
0.000169
0.003184
0.003456
0.000276
0.003844
0.000045
0.000342
0.011588
0.031057
0.000364
0.009059
0.012834
0.000064
0.000003
0.000031
0.000471
0.000098
0.001766
0.000217
0.019619
0.000650
0.010822
0.001052
0.000029
0.001348
0.014418
0.001487
0.015182
0.001578
0.015898
0.005543
0.016743
0.001664
0.017513
0.000071
0.000003
0.000110
0.000442
0.001588
0.001841
0.004821
0.008258
0.033171
0.013850
0.015635
0.017256
0.018233
0.019094
0.020065
0.020265
0.020583
0.020950
0.022246
0.062673
0.024841
0.024090
0.024004
0.000087
0.000004
0.000060
0.000057
0.000033
0.008330
0.000022
0.010357
0.000026
0.000207
0.001478
0.047659
0.000038
0.051265
0.002176
0.000520
0.000064
0.028193
0.000152
0.085041
0.000631
0.009477
0.009640
0.031706
0.000089
0.000003
0.000204
0.001336
0.006349
0.000027
0.005882
0.011511
0.056773
0.022209
0.000063
0.029223
0.032594
0.034783
0.035902
0.000136
0.038100
0.112089
0.039398
0.040046
0.000780
0.042126
0.042473
0.580056
0.039900
0.000105
0.000003
0.000112
0.001301
0.000360
0.009026
0.001199
0.013168
0.004915
0.091528
0.001786
0.037306
0.002561
0.000048
0.003100
0.046026
0.003426
0.143481
0.014324
0.049353
0.014578
0.050628
0.044071
0.052880
0.015321
0.053697
0.000111
0.000003
0.000403
0.000161
0.006204
0.009082
0.000209
0.014792
0.024303
0.000033
0.041048
0.046960
0.002977
0.054846
0.057647
0.003931
0.060840
0.062916
0.000089
0.063989
0.064702
0.004612
0.065682
0.452339
0.019017
1.306004
0.070313
0.000127
0.000004
0.000209
0.003864
0.000098
0.009153
0.001194
0.000034
0.000145
0.040551
0.012053
0.058797
0.000557
0.227998
0.000080
0.077238
0.000937
0.081243
0.022348
0.082244
0.001094
0.000260
0.023273
0.280226
0.001211
0.876522
0.024078
0.252379
0.000137
0.000004
0.000831
0.003816
0.024571
0.043963
0.035936
0.307832
0.032037
0.183356
0.060586
0.072008
0.080749
0.296931
0.092425
0.096330
0.328513
0.101111
0.103702
0.104703
0.345803
0.107087
0.351911
0.356076
1.088367
2.787432
0.110167
1.740407
0.372404
0.000151
0.000004
0.000403
0.000425
0.001360
0.000085
0.000054
0.094813
0.006353
0.001615
0.000045
0.089910
0.000116
0.386817
0.117594
0.000069
0.126158
0.438502
0.000241
0.149291
0.000119
0.007877
0.035879
0.486591
0.001552
0.001635
0.143925
0.008212
0.037765
0.523896
0.000167
