0.000007
0.000001
0.000001
0.000001
0.000001
0.000001
0.000001
0.000001
0.000002
0.000001
0.000001
0.000001
0.000002
0.000003
0.000002
0.000001
0.000001
0.000001
0.000002
0.000005
0.000002
0.000001
0.000001
0.000003
0.000004
0.000005
0.000006
0.000002
0.000002
0.000001
0.000004
0.000002
0.000008
0.000006
0.000033
0.000003
0.000002
0.000002
0.000002
0.000014
0.000017
0.000005
0.000024
0.000052
0.000005
0.000001
0.000001
0.000009
0.000004
0.000003
0.000007
0.000037
0.000021
0.000042
0.000006
0.000001
0.000004
0.000009
0.000021
0.000033
0.000042
0.000048
0.000053
0.000119
0.000061
0.000009
0.000002
0.000003
0.000003
0.000003
0.000045
0.000005
0.000068
0.000008
0.000017
0.000040
0.000226
0.000012
0.000001
0.000006
0.000022
0.000071
0.000052
0.000073
0.000089
0.000101
0.000254
0.000267
0.000459
0.000304
0.000014
0.000001
0.000004
0.000021
0.000010
0.000151
0.000032
0.000008
0.000048
0.000333
0.000062
0.000449
0.000072
0.000423
0.000018
0.000002
0.000010
0.000005
0.000090
0.000006
0.000013
0.000813
0.000944
0.000026
0.000015
0.000555
0.000091
0.001388
0.000614
0.000023
0.000002
0.000006
0.000058
0.000006
0.000239
0.000039
0.000509
0.000012
0.000671
0.000098
0.000770
0.000042
0.002012
0.000851
0.001006
0.000026
0.000002
0.000015
0.000094
0.000324
0.000265
0.000543
0.000668
0.001981
0.002268
0.001007
0.001079
0.001129
0.002842
0.001183
0.003124
0.006177
0.000034
0.000003
0.000010
0.000010
0.000027
0.000315
0.000011
0.000929
0.000397
0.000017
0.000477
0.001479
0.000029
0.001609
0.000591
0.000194
0.001767
0.004865
0.000039
0.000003
0.000030
0.000162
0.000392
0.001244
0.000762
0.001098
0.001450
0.001678
0.001835
0.001961
0.002075
0.002153
0.002220
0.002303
0.012669
0.030042
0.005134
0.000049
0.000003
0.000017
0.000162
0.000013
0.000011
0.000184
0.001333
0.000031
0.006113
0.000024
0.007290
0.000068
0.002961
0.000986
0.000090
0.000300
0.007647
0.001074
0.025414
0.000054
0.000002
0.000054
0.000021
0.001496
0.001572
0.000047
0.000016
0.002206
0.000164
0.003090
0.003311
0.000268
0.003683
0.000045
0.000340
0.011214
0.029987
0.000345
0.008898
0.012328
0.000059
0.000002
0.000029
0.000436
0.000090
0.001718
0.000211
0.018677
0.000610
0.010459
0.001041
0.000030
0.001312
0.013975
0.001437
0.014653
0.001546
0.015253
0.005369
0.016086
0.001595
0.016858
0.000068
0.000003
0.000102
0.000416
0.001558
0.001796
0.004688
0.007934
0.031713
0.013404
0.015140
0.016499
0.017690
0.018481
0.019069
0.019707
0.022394
0.021454
0.021568
0.061907
0.022879
0.023087
0.023444
0.000081
0.000003
0.000057
0.000053
0.000032
0.007991
0.000022
0.009728
0.000024
0.000197
0.001385
0.044491
0.000036
0.049592
0.002158
0.000523
0.000074
0.027319
0.000152
0.081953
0.000607
0.009117
0.009238
0.030608
0.000088
0.000004
0.000205
0.001245
0.006130
0.000027
0.005665
0.011030
0.055437
0.021682
0.000062
0.029611
0.032067
0.033817
0.035415
0.000140
0.037035
0.109049
0.038635
0.038878
0.000713
0.039726
0.040363
0.553027
0.038910
0.000097
0.000004
0.000101
0.001270
0.000352
0.008725
0.001142
0.012895
0.004591
0.088007
0.001709
0.035971
0.002497
0.000045
0.003008
0.041818
0.003290
0.138529
0.013939
0.047974
0.014349
0.048833
0.042230
0.050740
0.014850
0.052147
0.000111
0.000003
0.000400
0.000142
0.005831
0.008853
0.000206
0.014185
0.023879
0.000052
0.039898
0.045429
0.002858
0.053020
0.055275
0.003767
0.059622
0.059883
0.000084
0.061654
0.062551
0.004464
0.063511
0.436255
0.018267
1.265928
0.067110
0.000121
0.000004
0.000203
0.003792
0.000094
0.008958
0.001141
0.000033
0.000138
0.039031
0.011321
0.057547
0.000527
0.220136
0.000054
0.074412
0.000900
0.077745
0.021563
0.079552
0.001085
0.000247
0.022471
0.271440
0.001141
0.846472
0.023304
0.243853
0.000133
0.000004
0.000780
0.003632
0.023839
0.042590
0.034732
0.297017
0.031486
0.177064
0.058276
0.069796
0.078056
0.287122
0.089462
0.093426
0.317739
0.098296
0.099945
0.101129
0.335345
0.102641
0.342025
0.344692
1.048733
2.693040
0.106174
1.683229
0.359670
0.000148
0.000004
0.000393
0.000419
0.001357
0.000087
0.000055
0.089655
0.006150
0.001553
0.000044
0.084452
0.000106
0.372401
0.112159
0.000065
0.121330
0.421831
0.000230
0.128731
0.000113
0.007467
0.035024
0.459892
0.001498
0.001544
0.139084
0.007917
0.035675
0.504010
0.000163
