0.000002
0.000003
0.000003
0.000003
0.000003
0.000003
0.000002
0.000003
0.000004
0.000004
0.000003
0.000005
0.000005
0.000008
0.000006
0.000003
0.000004
0.000004
0.000006
0.000011
0.000008
0.000004
0.000005
0.000006
0.000010
0.000014
0.000018
0.000010
0.000004
0.000005
0.000008
0.000007
0.000014
0.000012
0.000058
0.000015
0.000005
0.000007
0.000007
0.000016
0.000018
0.000015
0.000041
0.000104
0.000019
0.000005
0.000007
0.000012
0.000012
0.000012
0.000019
0.000046
0.000037
0.000069
0.000026
0.000005
0.000009
0.000014
0.000021
0.000027
0.000037
0.000046
0.000065
0.000157
0.000113
0.000034
0.000006
0.000009
0.000011
0.000013
0.000031
0.000019
0.000055
0.000027
0.000039
0.000069
0.000308
0.000044
0.000006
0.000012
0.000017
0.000030
0.000032
0.000049
0.000062
0.000081
0.000184
0.000268
0.000185
0.000402
0.000052
0.000007
0.000010
0.000019
0.000019
0.000035
0.000031
0.000026
0.000051
0.000197
0.000085
0.000301
0.000110
0.000472
0.000075
0.000016
0.000017
0.000016
0.000033
0.000022
0.000031
0.000182
0.000291
0.000054
0.000053
0.000347
0.000119
0.001154
0.000694
0.000081
0.000009
0.000015
0.000025
0.000019
0.000054
0.000041
0.000107
0.000040
0.000217
0.000124
0.000362
0.000076
0.001220
0.000761
0.001007
0.000098
0.000009
0.000021
0.000027
0.000046
0.000057
0.000087
0.000125
0.000335
0.000445
0.000367
0.000359
0.000547
0.001314
0.000774
0.002077
0.002812
0.000120
0.000010
0.000019
0.000020
0.000030
0.000057
0.000035
0.000107
0.000103
0.000055
0.000173
0.000387
0.000086
0.000647
0.000388
0.000240
0.001253
0.003207
0.000143
0.000009
0.000030
0.000037
0.000057
0.000072
0.000109
0.000116
0.000177
0.000229
0.000343
0.000386
0.000623
0.000694
0.000871
0.001082
0.001721
0.008646
0.002038
0.000191
0.000015
0.000025
0.000043
0.000030
0.000036
0.000068
0.000130
0.000062
0.000491
0.000093
0.000833
0.000109
0.000662
0.000407
0.000158
0.000293
0.001522
0.000717
0.013106
0.000190
0.000011
0.000042
0.000027
0.000083
0.000099
0.000056
0.000054
0.000209
0.000103
0.000406
0.000456
0.000188
0.000679
0.000141
0.000316
0.003200
0.008559
0.000426
0.002438
0.006755
0.000229
0.000013
0.000034
0.000075
0.000046
0.000103
0.000077
0.000432
0.000125
0.000530
0.000215
0.000106
0.000299
0.001570
0.000459
0.002734
0.000583
0.003558
0.002116
0.005156
0.000993
0.007996
0.000259
0.000013
0.000060
0.000063
0.000097
0.000115
0.000184
0.000235
0.000810
0.000508
0.000868
0.000818
0.001437
0.001689
0.002345
0.002885
0.003523
0.004018
0.005531
0.013578
0.007251
0.008418
0.009865
0.000276
0.000013
0.000044
0.000034
0.000040
0.000133
0.000055
0.000233
0.000075
0.000118
0.000231
0.000516
0.000140
0.000809
0.000481
0.000300
0.000186
0.003912
0.000245
0.013972
0.000552
0.003365
0.004228
0.011111
0.000312
0.000013
0.000087
0.000088
0.000143
0.000049
0.000204
0.000250
0.000827
0.000577
0.000128
0.000937
0.001552
0.001615
0.002538
0.000210
0.003694
0.010089
0.005526
0.005765
0.000531
0.008479
0.009911
0.012224
0.014283
0.000338
0.000014
0.000060
0.000090
0.000066
0.000176
0.000115
0.000233
0.000208
0.001197
0.000245
0.000870
0.000336
0.000154
0.000518
0.003088
0.000645
0.010055
0.002343
0.005739
0.003175
0.008422
0.001946
0.011213
0.005821
0.015765
0.000384
0.000014
0.000133
0.000046
0.000155
0.000174
0.000087
0.000239
0.000409
0.000108
0.000955
0.000952
0.000358
0.001543
0.002474
0.000519
0.003837
0.004333
0.000269
0.005757
0.008093
0.001398
0.010283
0.013576
0.005993
0.153598
0.019686
0.000414
0.000014
0.000084
0.000139
0.000054
0.000190
0.000124
0.000081
0.000109
0.000514
0.000420
0.000926
0.000214
0.004108
0.000187
0.003022
0.000410
0.004275
0.002499
0.006209
0.000639
0.000389
0.004627
0.032644
0.000908
0.127709
0.008178
0.023494
0.000461
0.000016
0.000190
0.000141
0.000285
0.000261
0.000383
0.000963
0.000447
0.001236
0.000923
0.000924
0.001607
0.004026
0.002604
0.003227
0.010031
0.004287
0.006130
0.006277
0.024203
0.009716
0.032743
0.033310
0.130703
0.152306
0.019747
0.056895
0.086662
0.000546
0.000016
0.000137
0.000065
0.000103
0.000069
0.000080
0.000455
0.000273
0.000206
0.000139
0.000897
0.000188
0.004110
0.002476
0.000224
0.003831
0.010895
0.000341
0.006232
0.000381
0.001480
0.004871
0.034807
0.000994
0.001187
0.020100
0.002506
0.010890
0.095464
0.000610
