0.000002
0.000002
0.000003
0.000002
0.000003
0.000003
0.000003
0.000003
0.000004
0.000003
0.000003
0.000003
0.000005
0.000007
0.000005
0.000003
0.000003
0.000004
0.000006
0.000010
0.000007
0.000003
0.000005
0.000007
0.000009
0.000013
0.000016
0.000010
0.000004
0.000005
0.000008
0.000007
0.000014
0.000011
0.000054
0.000014
0.000004
0.000007
0.000007
0.000015
0.000017
0.000014
0.000039
0.000097
0.000018
0.000004
0.000006
0.000011
0.000011
0.000012
0.000018
0.000044
0.000035
0.000065
0.000024
0.000004
0.000008
0.000012
0.000020
0.000025
0.000036
0.000043
0.000062
0.000149
0.000107
0.000031
0.000005
0.000009
0.000010
0.000012
0.000030
0.000018
0.000052
0.000026
0.000037
0.000066
0.000252
0.000041
0.000005
0.000011
0.000017
0.000027
0.000030
0.000046
0.000058
0.000076
0.000190
0.000257
0.000172
0.000415
0.000053
0.000007
0.000011
0.000020
0.000019
0.000035
0.000031
0.000027
0.000052
0.000181
0.000084
0.000301
0.000113
0.000465
0.000065
0.000007
0.000015
0.000015
0.000034
0.000022
0.000031
0.000175
0.000302
0.000052
0.000051
0.000312
0.000113
0.001123
0.000678
0.000076
0.000007
0.000013
0.000025
0.000018
0.000051
0.000039
0.000101
0.000038
0.000205
0.000115
0.000342
0.000070
0.001157
0.000731
0.000895
0.000094
0.000008
0.000021
0.000027
0.000047
0.000055
0.000083
0.000105
0.000317
0.000421
0.000402
0.000368
0.000546
0.001243
0.000739
0.002097
0.002675
0.000114
0.000008
0.000018
0.000019
0.000028
0.000055
0.000037
0.000104
0.000109
0.000056
0.000163
0.000355
0.000082
0.000613
0.000363
0.000226
0.001174
0.003046
0.000133
0.000009
0.000028
0.000037
0.000056
0.000070
0.000105
0.000114
0.000177
0.000226
0.000333
0.000357
0.000590
0.000644
0.000853
0.001066
0.001636
0.008337
0.001980
0.000158
0.000009
0.000023
0.000039
0.000028
0.000033
0.000063
0.000124
0.000057
0.000453
0.000071
0.000787
0.000103
0.000629
0.000383
0.000150
0.000278
0.001478
0.000693
0.012625
0.000182
0.000010
0.000040
0.000025
0.000078
0.000094
0.000058
0.000051
0.000202
0.000097
0.000376
0.000439
0.000175
0.000655
0.000135
0.000287
0.003047
0.008252
0.000456
0.002315
0.006475
0.000271
0.000011
0.000031
0.000055
0.000042
0.000095
0.000071
0.000430
0.000148
0.000476
0.000202
0.000103
0.000296
0.001526
0.000448
0.002606
0.000539
0.003581
0.002134
0.005027
0.001006
0.008086
0.000244
0.000011
0.000058
0.000059
0.000092
0.000093
0.000176
0.000244
0.000766
0.000477
0.000845
0.000822
0.001423
0.001588
0.002336
0.002825
0.003343
0.003604
0.005190
0.012963
0.006904
0.008131
0.009313
0.000279
0.000011
0.000041
0.000032
0.000038
0.000126
0.000052
0.000226
0.000070
0.000156
0.000242
0.000462
0.000122
0.000782
0.000464
0.000292
0.000186
0.003757
0.000227
0.013452
0.000531
0.003183
0.004175
0.010557
0.000306
0.000012
0.000085
0.000088
0.000146
0.000049
0.000204
0.000225
0.000933
0.000545
0.000117
0.000854
0.001459
0.001592
0.002496
0.000208
0.003537
0.009838
0.005464
0.005648
0.000536
0.008349
0.011408
0.012052
0.014047
0.000344
0.000013
0.000060
0.000090
0.000066
0.000181
0.000116
0.000237
0.000211
0.001189
0.000249
0.000874
0.000339
0.000169
0.000499
0.003016
0.000671
0.009925
0.002297
0.005813
0.003118
0.008476
0.001971
0.011113
0.005747
0.015388
0.000389
0.000013
0.000132
0.000046
0.000156
0.000178
0.000086
0.000243
0.000397
0.000117
0.000938
0.000921
0.000364
0.001509
0.002413
0.000522
0.003800
0.004263
0.000330
0.005886
0.007697
0.001319
0.010439
0.013332
0.005977
0.154285
0.020049
0.000447
0.000016
0.000088
0.000151
0.000057
0.000174
0.000129
0.000085
0.000120
0.000562
0.000426
0.000946
0.000226
0.004103
0.000209
0.003049
0.000382
0.004188
0.002422
0.006083
0.000622
0.000383
0.004608
0.032436
0.000940
0.127190
0.008240
0.024194
0.000491
0.000016
0.000204
0.000153
0.000283
0.000264
0.000388
0.000986
0.000558
0.001279
0.000947
0.000946
0.001638
0.004084
0.002618
0.003220
0.009926
0.004197
0.006184
0.006254
0.024631
0.009748
0.033122
0.033447
0.132278
0.152091
0.021433
0.057361
0.086504
0.000517
0.000016
0.000171
0.000081
0.000105
0.000071
0.000082
0.000471
0.000256
0.000211
0.000142
0.000908
0.000188
0.004017
0.002389
0.000230
0.003894
0.010769
0.000366
0.006293
0.000350
0.001475
0.004851
0.034824
0.000958
0.001199
0.020012
0.002504
0.010950
0.094893
0.000587
