0.000001
0.000001
0.000001
0.000001
0.000002
0.000001
0.000001
0.000001
0.000002
0.000001
0.000001
0.000002
0.000002
0.000003
0.000002
0.000002
0.000001
0.000001
0.000002
0.000005
0.000002
0.000001
0.000002
0.000004
0.000005
0.000006
0.000007
0.000003
0.000001
0.000002
0.000005
0.000002
0.000009
0.000006
0.000036
0.000004
0.000001
0.000002
0.000002
0.000016
0.000019
0.000004
0.000026
0.000057
0.000006
0.000001
0.000002
0.000009
0.000004
0.000003
0.000009
0.000041
0.000022
0.000046
0.000007
0.000002
0.000004
0.000010
0.000023
0.000036
0.000045
0.000052
0.000058
0.000131
0.000069
0.000009
0.000002
0.000003
0.000003
0.000003
0.000047
0.000005
0.000073
0.000009
0.000019
0.000043
0.000224
0.000013
0.000001
0.000006
0.000024
0.000077
0.000056
0.000080
0.000096
0.000109
0.000271
0.000304
0.000510
0.000325
0.000017
0.000002
0.000005
0.000025
0.000010
0.000176
0.000037
0.000009
0.000058
0.000389
0.000074
0.000442
0.000080
0.000469
0.000020
0.000002
0.000010
0.000005
0.000099
0.000007
0.000013
0.000942
0.001062
0.000029
0.000017
0.000588
0.000099
0.001493
0.000663
0.000024
0.000002
0.000007
0.000062
0.000007
0.000260
0.000042
0.000555
0.000013
0.000757
0.000109
0.000851
0.000048
0.002201
0.000946
0.000979
0.000029
0.000003
0.000017
0.000059
0.000377
0.000311
0.000553
0.000721
0.002219
0.002395
0.001071
0.001136
0.001187
0.002987
0.001259
0.003283
0.006474
0.000034
0.000002
0.000010
0.000023
0.000029
0.000325
0.000011
0.000915
0.000368
0.000017
0.000514
0.001564
0.000030
0.001673
0.000607
0.000201
0.001816
0.005029
0.000039
0.000002
0.000030
0.000163
0.000392
0.001308
0.000754
0.001146
0.001493
0.001747
0.001940
0.002012
0.002130
0.002208
0.002264
0.002311
0.012698
0.030602
0.005307
0.000047
0.000002
0.000017
0.000158
0.000013
0.000012
0.000199
0.001367
0.000032
0.006398
0.000024
0.007379
0.000068
0.002991
0.001001
0.000090
0.000313
0.007640
0.001047
0.025591
0.000053
0.000003
0.000055
0.000021
0.001567
0.001633
0.000047
0.000017
0.002274
0.000169
0.003116
0.003392
0.000290
0.003850
0.000062
0.000328
0.011606
0.030775
0.000383
0.009115
0.012374
0.000060
0.000003
0.000030
0.000447
0.000092
0.001778
0.000216
0.019353
0.000658
0.010835
0.001027
0.000029
0.001326
0.014248
0.001536
0.014987
0.001627
0.015744
0.005463
0.016559
0.001681
0.017416
0.000086
0.000003
0.000108
0.000438
0.001601
0.001849
0.004747
0.008199
0.032853
0.013752
0.015767
0.017117
0.018304
0.018934
0.019909
0.020285
0.020423
0.020786
0.022551
0.063342
0.023622
0.024012
0.024149
0.000083
0.000003
0.000059
0.000055
0.000033
0.008578
0.000024
0.010682
0.000030
0.000219
0.001491
0.048251
0.000038
0.051798
0.002221
0.000551
0.000063
0.028365
0.000158
0.084769
0.000634
0.009434
0.009537
0.031670
0.000090
0.000004
0.000205
0.001303
0.006337
0.000028
0.005883
0.011530
0.056922
0.022943
0.000063
0.029247
0.033201
0.034547
0.035908
0.000137
0.037747
0.111435
0.039034
0.039508
0.000754
0.040194
0.040942
0.567738
0.040032
0.000099
0.000003
0.000107
0.001304
0.000361
0.008995
0.001173
0.013319
0.004769
0.091368
0.001778
0.037627
0.002584
0.000046
0.003147
0.046340
0.003468
0.144565
0.014460
0.049652
0.015141
0.051077
0.043935
0.052716
0.015373
0.054391
0.000114
0.000004
0.000408
0.000146
0.006127
0.009135
0.000208
0.014814
0.024641
0.000035
0.041497
0.047103
0.003017
0.055043
0.057698
0.003979
0.061825
0.062622
0.000086
0.064564
0.064826
0.004585
0.066344
0.454713
0.019190
1.316034
0.068608
0.000124
0.000004
0.000205
0.003891
0.000111
0.009295
0.001204
0.000034
0.000145
0.040654
0.011991
0.059212
0.000543
0.229913
0.000058
0.076972
0.000908
0.080365
0.022562
0.083193
0.001113
0.000253
0.023463
0.281733
0.001179
0.880240
0.024676
0.252544
0.000137
0.000004
0.000819
0.003810
0.024729
0.046143
0.036329
0.333456
0.032163
0.185260
0.060845
0.074297
0.081136
0.298242
0.094796
0.097259
0.330432
0.102402
0.103870
0.105087
0.348914
0.106940
0.354901
0.359415
1.091276
2.818776
0.110882
1.749118
0.375301
0.000156
0.000004
0.000424
0.000402
0.001373
0.000087
0.000055
0.095253
0.006392
0.001612
0.000046
0.089593
0.000110
0.388296
0.117312
0.000067
0.126508
0.439745
0.000240
0.133903
0.000122
0.007899
0.035712
0.477089
0.001559
0.001595
0.144210
0.008235
0.037031
0.525382
0.000173
