0.000001
0.000002
0.000001
0.000001
0.000001
0.000002
0.000001
0.000001
0.000002
0.000002
0.000001
0.000001
0.000002
0.000003
0.000001
0.000001
0.000001
0.000002
0.000002
0.000004
0.000002
0.000002
0.000002
0.000003
0.000005
0.000006
0.000006
0.000003
0.000002
0.000002
0.000004
0.000002
0.000009
0.000005
0.000035
0.000003
0.000001
0.000002
0.000002
0.000015
0.000019
0.000005
0.000026
0.000057
0.000005
0.000001
0.000002
0.000009
0.000004
0.000003
0.000008
0.000041
0.000022
0.000045
0.000007
0.000001
0.000004
0.000010
0.000024
0.000036
0.000046
0.000065
0.000056
0.000126
0.000065
0.000009
0.000001
0.000003
0.000004
0.000004
0.000047
0.000005
0.000071
0.000009
0.000017
0.000041
0.000214
0.000013
0.000002
0.000007
0.000023
0.000075
0.000054
0.000078
0.000110
0.000109
0.000270
0.000287
0.000496
0.000318
0.000017
0.000002
0.000004
0.000023
0.000010
0.000171
0.000036
0.000008
0.000055
0.000401
0.000073
0.000432
0.000081
0.000481
0.000021
0.000002
0.000010
0.000006
0.000103
0.000008
0.000014
0.000930
0.001069
0.000029
0.000017
0.000591
0.000098
0.001534
0.000676
0.000025
0.000002
0.000007
0.000063
0.000006
0.000259
0.000042
0.000551
0.000012
0.000747
0.000108
0.000857
0.000047
0.002233
0.000946
0.000978
0.000030
0.000002
0.000017
0.000059
0.000355
0.000304
0.000529
0.000758
0.002187
0.002456
0.001104
0.001170
0.001219
0.002995
0.001267
0.003214
0.006430
0.000033
0.000002
0.000010
0.000010
0.000028
0.000324
0.000011
0.000893
0.000401
0.000017
0.000505
0.001565
0.000030
0.001675
0.000608
0.000199
0.001851
0.005023
0.000040
0.000002
0.000044
0.000162
0.000389
0.001284
0.000771
0.001161
0.001489
0.001743
0.001937
0.002018
0.002129
0.002209
0.002265
0.002314
0.012657
0.030539
0.005303
0.000046
0.000003
0.000017
0.000153
0.000013
0.000012
0.000193
0.001362
0.000033
0.006180
0.000023
0.007247
0.000066
0.002920
0.000942
0.000086
0.000306
0.007589
0.001014
0.025255
0.000053
0.000002
0.000055
0.000021
0.001517
0.001632
0.000049
0.000018
0.002323
0.000187
0.003170
0.003397
0.000276
0.003780
0.000044
0.000337
0.011577
0.030844
0.000364
0.009153
0.012432
0.000061
0.000002
0.000029
0.000449
0.000092
0.001732
0.000216
0.019382
0.000644
0.010692
0.001027
0.000029
0.001362
0.014232
0.001459
0.015302
0.001626
0.016127
0.005544
0.016675
0.001644
0.017494
0.000069
0.000003
0.000104
0.000426
0.001587
0.001856
0.004805
0.008248
0.032861
0.013876
0.015647
0.016977
0.018207
0.018925
0.019655
0.020288
0.020507
0.020698
0.022028
0.063560
0.023847
0.024963
0.024781
0.000115
0.000005
0.000069
0.000055
0.000031
0.009005
0.000024
0.010848
0.000034
0.000287
0.001629
0.048949
0.000038
0.051665
0.002215
0.000520
0.000063
0.028159
0.000152
0.084085
0.000630
0.009383
0.009456
0.031631
0.000088
0.000003
0.000204
0.001315
0.006286
0.000027
0.005880
0.011488
0.056422
0.021920
0.000061
0.029177
0.032160
0.034628
0.035912
0.000139
0.037509
0.111257
0.039044
0.039490
0.000754
0.040244
0.040815
0.566752
0.039741
0.000099
0.000004
0.000105
0.001270
0.000360
0.008949
0.001170
0.013282
0.004719
0.090603
0.001832
0.037835
0.002564
0.000049
0.003105
0.046017
0.003425
0.142830
0.014349
0.049299
0.014578
0.050355
0.043435
0.052249
0.015243
0.054548
0.000117
0.000004
0.000409
0.000138
0.006089
0.009089
0.000209
0.014823
0.024156
0.000033
0.040692
0.046825
0.002925
0.054757
0.057205
0.003861
0.060746
0.061652
0.000086
0.063640
0.065119
0.004610
0.065400
0.450784
0.018914
1.302944
0.068090
0.000126
0.000004
0.000209
0.003911
0.000101
0.009227
0.001171
0.000033
0.000141
0.040568
0.012089
0.059422
0.000544
0.227772
0.000057
0.076852
0.000895
0.079994
0.022335
0.082705
0.001081
0.000263
0.023284
0.279184
0.001201
0.874756
0.024053
0.252639
0.000137
0.000004
0.000799
0.003795
0.024508
0.043995
0.036019
0.306646
0.031979
0.184264
0.060682
0.071813
0.080746
0.296863
0.092404
0.096857
0.327835
0.101643
0.103183
0.104684
0.346859
0.106244
0.352004
0.356460
1.084335
2.798438
0.110235
1.735352
0.372971
0.000152
0.000004
0.000403
0.000431
0.001408
0.000089
0.000056
0.095137
0.006391
0.001612
0.000044
0.088741
0.000116
0.387062
0.116785
0.000069
0.126388
0.438223
0.000241
0.132710
0.000116
0.007756
0.035427
0.473862
0.001591
0.001620
0.143617
0.008193
0.036890
0.520173
0.000173
