0.000002
0.000001
0.000001
0.000001
0.000001
0.000001
0.000002
0.000001
0.000002
0.000001
0.000001
0.000001
0.000001
0.000003
0.000002
0.000001
0.000001
0.000002
0.000002
0.000004
0.000002
0.000001
0.000001
0.000003
0.000005
0.000006
0.000007
0.000003
0.000001
0.000001
0.000004
0.000002
0.000008
0.000006
0.000033
0.000003
0.000001
0.000002
0.000002
0.000016
0.000019
0.000004
0.000025
0.000055
0.000005
0.000001
0.000002
0.000009
0.000005
0.000003
0.000008
0.000040
0.000022
0.000044
0.000007
0.000002
0.000004
0.000010
0.000023
0.000034
0.000044
0.000052
0.000057
0.000127
0.000065
0.000009
0.000001
0.000003
0.000003
0.000003
0.000047
0.000005
0.000070
0.000009
0.000018
0.000041
0.000214
0.000013
0.000002
0.000006
0.000024
0.000074
0.000069
0.000080
0.000097
0.000108
0.000270
0.000287
0.000498
0.000316
0.000017
0.000002
0.000004
0.000023
0.000010
0.000186
0.000037
0.000009
0.000056
0.000388
0.000073
0.000433
0.000081
0.000484
0.000021
0.000002
0.000011
0.000006
0.000101
0.000007
0.000013
0.000928
0.001075
0.000031
0.000018
0.000608
0.000102
0.001527
0.000665
0.000024
0.000002
0.000007
0.000062
0.000007
0.000259
0.000042
0.000554
0.000012
0.000758
0.000109
0.000853
0.000047
0.002232
0.000946
0.000978
0.000029
0.000002
0.000017
0.000059
0.000354
0.000303
0.000544
0.000741
0.002247
0.002462
0.001076
0.001137
0.001187
0.003119
0.001260
0.003212
0.006461
0.000034
0.000002
0.000010
0.000010
0.000028
0.000326
0.000011
0.000917
0.000369
0.000017
0.000512
0.001552
0.000029
0.001683
0.000633
0.000199
0.001814
0.004987
0.000040
0.000002
0.000031
0.000163
0.000392
0.001288
0.000774
0.001174
0.001491
0.001734
0.001902
0.002072
0.002191
0.002230
0.002270
0.002309
0.012660
0.031342
0.005301
0.000047
0.000003
0.000017
0.000158
0.000013
0.000012
0.000199
0.001398
0.000034
0.006146
0.000023
0.007167
0.000066
0.002887
0.000966
0.000088
0.000292
0.007609
0.001039
0.023869
0.000051
0.000003
0.000054
0.000020
0.001427
0.001547
0.000046
0.000017
0.002142
0.000161
0.003031
0.003298
0.000262
0.003693
0.000042
0.000320
0.011349
0.030542
0.000363
0.009002
0.012324
0.000061
0.000003
0.000030
0.000448
0.000092
0.001705
0.000211
0.019113
0.000625
0.010715
0.001064
0.000030
0.001344
0.014269
0.001494
0.015150
0.001571
0.015703
0.005509
0.016516
0.001689
0.017326
0.000069
0.000003
0.000104
0.000427
0.001607
0.001846
0.004814
0.008170
0.032743
0.013791
0.015808
0.017073
0.018150
0.018982
0.019677
0.020191
0.021266
0.022199
0.022465
0.063886
0.023427
0.023858
0.024099
0.000085
0.000004
0.000058
0.000055
0.000033
0.008416
0.000025
0.010543
0.000025
0.000231
0.001461
0.046380
0.000038
0.051392
0.002211
0.000537
0.000063
0.028054
0.000148
0.084270
0.000627
0.009464
0.009452
0.031584
0.000089
0.000004
0.000205
0.001336
0.006289
0.000027
0.005877
0.011748
0.057049
0.022170
0.000062
0.030341
0.033089
0.034874
0.036284
0.000137
0.038365
0.112682
0.039696
0.040228
0.000773
0.040994
0.041489
0.569808
0.039933
0.000105
0.000004
0.000109
0.001307
0.000361
0.008943
0.001191
0.013276
0.004762
0.090807
0.001784
0.037431
0.002556
0.000048
0.003103
0.045977
0.003432
0.143494
0.014633
0.049094
0.014640
0.050504
0.043704
0.052475
0.015345
0.054432
0.000116
0.000004
0.000409
0.000145
0.006342
0.009025
0.000208
0.014807
0.024276
0.000033
0.040763
0.046723
0.003007
0.054935
0.057856
0.003899
0.060990
0.061889
0.000086
0.063696
0.064532
0.004616
0.065586
0.450919
0.018720
1.303379
0.068223
0.000121
0.000004
0.000199
0.003868
0.000100
0.009236
0.001186
0.000034
0.000145
0.040007
0.012072
0.059115
0.000558
0.227592
0.000057
0.076982
0.000895
0.079942
0.022191
0.082498
0.001084
0.000266
0.023255
0.280205
0.001212
0.877403
0.024063
0.251468
0.000137
0.000017
0.000800
0.003842
0.024510
0.043950
0.035737
0.307298
0.031999
0.183550
0.060608
0.072862
0.080605
0.296301
0.093334
0.096392
0.327968
0.102469
0.102928
0.104362
0.346897
0.106456
0.353680
0.354674
1.086697
2.802352
0.109671
1.736653
0.373027
0.000156
0.000004
0.000414
0.000419
0.001385
0.000087
0.000056
0.095587
0.006356
0.001608
0.000046
0.088931
0.000109
0.386645
0.116613
0.000068
0.125714
0.437576
0.000242
0.132848
0.000112
0.007743
0.035160
0.473551
0.001547
0.001616
0.143868
0.008159
0.037101
0.521747
0.000163
