0.000001
0.000001
0.000001
0.000001
0.000002
0.000001
0.000001
0.000001
0.000002
0.000001
0.000001
0.000002
0.000002
0.000003
0.000001
0.000001
0.000001
0.000001
0.000002
0.000004
0.000002
0.000001
0.000002
0.000004
0.000004
0.000006
0.000007
0.000003
0.000002
0.000002
0.000004
0.000002
0.000009
0.000006
0.000035
0.000003
0.000001
0.000002
0.000002
0.000015
0.000019
0.000005
0.000027
0.000057
0.000005
0.000001
0.000002
0.000010
0.000004
0.000003
0.000008
0.000040
0.000022
0.000045
0.000007
0.000002
0.000004
0.000009
0.000023
0.000036
0.000045
0.000053
0.000058
0.000130
0.000067
0.000010
0.000002
0.000003
0.000003
0.000004
0.000048
0.000005
0.000073
0.000009
0.000018
0.000042
0.000221
0.000013
0.000001
0.000006
0.000024
0.000076
0.000056
0.000079
0.000096
0.000110
0.000287
0.000295
0.000511
0.000328
0.000017
0.000002
0.000004
0.000024
0.000011
0.000176
0.000037
0.000009
0.000057
0.000401
0.000072
0.000421
0.000080
0.000484
0.000021
0.000002
0.000011
0.000005
0.000101
0.000007
0.000014
0.000926
0.001082
0.000030
0.000018
0.000591
0.000099
0.001524
0.000690
0.000024
0.000002
0.000006
0.000062
0.000007
0.000259
0.000042
0.000551
0.000013
0.000726
0.000130
0.000855
0.000047
0.002204
0.000942
0.001015
0.000030
0.000002
0.000017
0.000058
0.000353
0.000302
0.000528
0.000739
0.002192
0.002394
0.001073
0.001138
0.001189
0.003066
0.001254
0.003204
0.006447
0.000035
0.000002
0.000010
0.000011
0.000029
0.000334
0.000012
0.000913
0.000370
0.000017
0.000493
0.001579
0.000030
0.001654
0.000607
0.000199
0.001812
0.005007
0.000041
0.000002
0.000030
0.000167
0.000401
0.001255
0.000752
0.001149
0.001490
0.001696
0.001880
0.002013
0.002129
0.002210
0.002275
0.002311
0.012624
0.031054
0.005315
0.000047
0.000003
0.000018
0.000158
0.000013
0.000012
0.000199
0.001365
0.000032
0.006182
0.000023
0.007132
0.000066
0.002914
0.000957
0.000082
0.000277
0.007535
0.001063
0.025367
0.000053
0.000003
0.000054
0.000020
0.001520
0.001652
0.000046
0.000016
0.002283
0.000169
0.003114
0.003406
0.000269
0.003785
0.000045
0.000337
0.011486
0.030735
0.000375
0.009146
0.012365
0.000061
0.000003
0.000030
0.000446
0.000093
0.001797
0.000215
0.019354
0.000625
0.010754
0.001028
0.000028
0.001333
0.014234
0.001483
0.015103
0.001567
0.015652
0.005359
0.016570
0.001678
0.017536
0.000072
0.000003
0.000108
0.000437
0.001601
0.001841
0.004816
0.008183
0.032927
0.013681
0.015703
0.017027
0.018223
0.018885
0.019547
0.019920
0.020572
0.020686
0.022124
0.065191
0.023343
0.023833
0.024899
0.000083
0.000003
0.000057
0.000056
0.000032
0.008666
0.000022
0.010886
0.000027
0.000208
0.001565
0.049752
0.000038
0.051085
0.002210
0.000519
0.000063
0.027932
0.000152
0.083747
0.000610
0.009397
0.009555
0.031365
0.000088
0.000003
0.000205
0.001318
0.006296
0.000028
0.005883
0.011469
0.057494
0.022071
0.000062
0.029034
0.032964
0.035633
0.037159
0.000153
0.039399
0.114183
0.039228
0.039606
0.000754
0.040502
0.040754
0.565784
0.039891
0.000099
0.000004
0.000105
0.001263
0.000360
0.008966
0.001172
0.013258
0.004776
0.090778
0.001767
0.037326
0.002601
0.000047
0.003143
0.046663
0.003450
0.143307
0.014346
0.049963
0.014762
0.050744
0.043726
0.052391
0.015346
0.053880
0.000114
0.000004
0.000414
0.000145
0.006116
0.009104
0.000209
0.014819
0.024225
0.000031
0.039160
0.046831
0.002921
0.054733
0.058073
0.003923
0.060717
0.061950
0.000087
0.063755
0.064960
0.004607
0.065361
0.450459
0.018736
1.303262
0.068154
0.000130
0.000004
0.000213
0.003818
0.000100
0.009249
0.001174
0.000034
0.000141
0.040095
0.011996
0.059380
0.000532
0.227618
0.000057
0.076922
0.000894
0.079846
0.022309
0.082104
0.001084
0.000245
0.023322
0.280973
0.001205
0.873870
0.024557
0.251257
0.000144
0.000004
0.000846
0.003845
0.024592
0.044106
0.035868
0.306694
0.032102
0.183130
0.060499
0.072687
0.080660
0.296790
0.092563
0.096311
0.326954
0.101942
0.103374
0.104437
0.346839
0.105925
0.352721
0.356482
1.085669
2.785051
0.110987
1.735853
0.372250
0.000161
0.000004
0.000424
0.000441
0.001401
0.000088
0.000055
0.095116
0.006374
0.001630
0.000046
0.088814
0.000116
0.387254
0.116556
0.000069
0.126343
0.437586
0.000241
0.132902
0.000118
0.007243
0.033572
0.473018
0.001562
0.001598
0.143874
0.008114
0.037124
0.521671
0.000172
