0.000001
0.000002
0.000001
0.000001
0.000001
0.000001
0.000001
0.000001
0.000002
0.000001
0.000001
0.000001
0.000002
0.000003
0.000001
0.000001
0.000001
0.000001
0.000003
0.000005
0.000002
0.000001
0.000002
0.000004
0.000005
0.000006
0.000006
0.000003
0.000001
0.000001
0.000004
0.000002
0.000008
0.000006
0.000034
0.000004
0.000001
0.000003
0.000002
0.000015
0.000018
0.000004
0.000026
0.000055
0.000006
0.000001
0.000002
0.000010
0.000005
0.000003
0.000009
0.000040
0.000022
0.000044
0.000006
0.000001
0.000004
0.000010
0.000023
0.000034
0.000047
0.000051
0.000056
0.000127
0.000066
0.000009
0.000001
0.000003
0.000004
0.000004
0.000047
0.000005
0.000071
0.000010
0.000018
0.000041
0.000214
0.000013
0.000001
0.000006
0.000023
0.000075
0.000054
0.000078
0.000112
0.000112
0.000277
0.000294
0.000510
0.000324
0.000017
0.000002
0.000005
0.000025
0.000011
0.000177
0.000037
0.000009
0.000056
0.000388
0.000073
0.000432
0.000082
0.000482
0.000020
0.000002
0.000010
0.000006
0.000102
0.000007
0.000014
0.000925
0.001046
0.000029
0.000017
0.000613
0.000102
0.001536
0.000680
0.000025
0.000002
0.000007
0.000063
0.000007
0.000273
0.000043
0.000566
0.000013
0.000747
0.000109
0.000854
0.000047
0.002241
0.000956
0.000984
0.000029
0.000002
0.000017
0.000059
0.000373
0.000319
0.000558
0.000762
0.002192
0.002461
0.001100
0.001150
0.001207
0.003110
0.001221
0.003215
0.006444
0.000035
0.000003
0.000010
0.000010
0.000029
0.000324
0.000011
0.000912
0.000369
0.000017
0.000509
0.001561
0.000030
0.001673
0.000610
0.000201
0.001869
0.005008
0.000041
0.000003
0.000030
0.000167
0.000402
0.001311
0.000755
0.001144
0.001492
0.001743
0.001905
0.002020
0.002129
0.002209
0.002306
0.002350
0.012623
0.030674
0.005240
0.000048
0.000003
0.000016
0.000166
0.000013
0.000012
0.000194
0.001363
0.000032
0.006111
0.000023
0.007193
0.000066
0.002942
0.000944
0.000086
0.000285
0.007592
0.001035
0.025400
0.000053
0.000002
0.000055
0.000021
0.001508
0.001640
0.000048
0.000017
0.002306
0.000170
0.003127
0.003400
0.000275
0.003829
0.000063
0.000338
0.011530
0.030852
0.000373
0.009239
0.012493
0.000060
0.000003
0.000029
0.000446
0.000093
0.001757
0.000217
0.019390
0.000626
0.010703
0.001061
0.000030
0.001344
0.014298
0.001487
0.015140
0.001574
0.015958
0.005489
0.016462
0.001717
0.017331
0.000070
0.000003
0.000106
0.000427
0.001619
0.001815
0.004832
0.008213
0.032779
0.013829
0.016019
0.017400
0.018270
0.019143
0.019624
0.020169
0.020594
0.020775
0.023047
0.063282
0.023300
0.023579
0.023816
0.000084
0.000005
0.000051
0.000048
0.000028
0.007373
0.000021
0.009378
0.000024
0.000192
0.001339
0.045795
0.000037
0.051164
0.002240
0.000521
0.000062
0.028121
0.000152
0.084784
0.000628
0.009378
0.009661
0.031531
0.000089
0.000003
0.000204
0.001344
0.006331
0.000028
0.005887
0.011462
0.056983
0.022214
0.000062
0.029929
0.032678
0.034442
0.035924
0.000140
0.037665
0.111079
0.038882
0.039208
0.000752
0.040193
0.040864
0.561915
0.039856
0.000102
0.000003
0.000108
0.001313
0.000360
0.009019
0.001201
0.013178
0.004770
0.090374
0.001759
0.037188
0.002608
0.000047
0.003138
0.045815
0.003453
0.143722
0.014390
0.049377
0.014695
0.050339
0.043853
0.052421
0.015407
0.053902
0.000114
0.000003
0.000414
0.000146
0.006088
0.009159
0.000209
0.014820
0.024156
0.000033
0.041608
0.046742
0.003010
0.055034
0.057231
0.003865
0.060999
0.062528
0.000091
0.063991
0.064319
0.004606
0.065855
0.450185
0.019018
1.303634
0.068479
0.000130
0.000004
0.000226
0.003856
0.000098
0.009240
0.001174
0.000033
0.000142
0.040141
0.011972
0.058973
0.000542
0.228094
0.000056
0.076523
0.000920
0.079797
0.022180
0.080234
0.001105
0.000252
0.023644
0.278913
0.001199
0.874429
0.024035
0.251441
0.000137
0.000004
0.000828
0.003782
0.024472
0.044515
0.035924
0.306066
0.031805
0.184022
0.060629
0.071782
0.081154
0.296694
0.092320
0.096413
0.332897
0.101916
0.103880
0.104667
0.346158
0.106461
0.352416
0.357392
1.087144
2.782314
0.110401
1.740348
0.372682
0.000157
0.000005
0.000415
0.000427
0.001385
0.000088
0.000055
0.095168
0.006495
0.001616
0.000045
0.089080
0.000115
0.388347
0.117226
0.000068
0.126000
0.437956
0.000241
0.133747
0.000116
0.007835
0.035280
0.474493
0.001558
0.001595
0.142990
0.008169
0.036864
0.521849
0.000172
