0.000003
0.000003
0.000002
0.000002
0.000003
0.000003
0.000003
0.000003
0.000004
0.000004
0.000003
0.000004
0.000005
0.000007
0.000005
0.000003
0.000004
0.000004
0.000005
0.000011
0.000007
0.000004
0.000005
0.000007
0.000009
0.000013
0.000017
0.000010
0.000004
0.000005
0.000008
0.000007
0.000014
0.000011
0.000056
0.000014
0.000004
0.000007
0.000007
0.000015
0.000018
0.000014
0.000039
0.000098
0.000019
0.000005
0.000006
0.000011
0.000010
0.000011
0.000018
0.000045
0.000036
0.000066
0.000025
0.000005
0.000008
0.000012
0.000019
0.000025
0.000035
0.000044
0.000061
0.000145
0.000107
0.000032
0.000005
0.000009
0.000010
0.000012
0.000043
0.000018
0.000053
0.000026
0.000037
0.000066
0.000255
0.000043
0.000006
0.000012
0.000017
0.000029
0.000031
0.000048
0.000059
0.000078
0.000178
0.000253
0.000168
0.000408
0.000053
0.000007
0.000011
0.000033
0.000020
0.000036
0.000032
0.000028
0.000053
0.000182
0.000086
0.000305
0.000112
0.000475
0.000067
0.000007
0.000015
0.000014
0.000035
0.000022
0.000031
0.000175
0.000296
0.000053
0.000052
0.000317
0.000115
0.001118
0.000672
0.000079
0.000008
0.000014
0.000024
0.000019
0.000053
0.000040
0.000104
0.000039
0.000207
0.000098
0.000346
0.000071
0.001151
0.000728
0.000891
0.000094
0.000008
0.000021
0.000028
0.000047
0.000056
0.000084
0.000106
0.000314
0.000418
0.000335
0.000343
0.000530
0.001256
0.000717
0.002014
0.002674
0.000114
0.000009
0.000018
0.000019
0.000029
0.000055
0.000034
0.000103
0.000099
0.000054
0.000164
0.000364
0.000085
0.000642
0.000378
0.000231
0.001232
0.003108
0.000137
0.000010
0.000029
0.000037
0.000056
0.000071
0.000105
0.000114
0.000174
0.000223
0.000330
0.000356
0.000632
0.000679
0.000872
0.001068
0.001655
0.008290
0.001969
0.000157
0.000010
0.000023
0.000039
0.000028
0.000034
0.000062
0.000132
0.000111
0.000499
0.000073
0.000807
0.000105
0.000641
0.000394
0.000154
0.000284
0.001533
0.000690
0.012366
0.000182
0.000010
0.000039
0.000025
0.000079
0.000094
0.000054
0.000051
0.000202
0.000098
0.000377
0.000441
0.000179
0.000675
0.000149
0.000290
0.003032
0.008209
0.000404
0.002415
0.006529
0.000211
0.000010
0.000031
0.000055
0.000043
0.000097
0.000073
0.000408
0.000119
0.000474
0.000200
0.000091
0.000344
0.001487
0.000448
0.002640
0.000533
0.003521
0.002071
0.004939
0.000962
0.007705
0.000238
0.000011
0.000057
0.000059
0.000092
0.000093
0.000173
0.000221
0.000778
0.000492
0.000832
0.000788
0.001424
0.001589
0.002230
0.002733
0.003380
0.003594
0.005253
0.012947
0.006854
0.008041
0.009309
0.000271
0.000012
0.000043
0.000033
0.000039
0.000129
0.000053
0.000231
0.000074
0.000117
0.000223
0.000451
0.000119
0.000763
0.000454
0.000319
0.000191
0.003837
0.000233
0.013329
0.000530
0.003244
0.004174
0.010715
0.000307
0.000012
0.000084
0.000088
0.000147
0.000049
0.000205
0.000227
0.000819
0.000534
0.000119
0.000875
0.001508
0.001657
0.002580
0.000220
0.003669
0.009970
0.005547
0.005708
0.000540
0.008383
0.010027
0.012138
0.014256
0.000344
0.000013
0.000060
0.000090
0.000066
0.000180
0.000116
0.000237
0.000216
0.001205
0.000250
0.000883
0.000332
0.000155
0.000521
0.003022
0.000665
0.009873
0.002404
0.005803
0.003178
0.008479
0.001977
0.011218
0.005764
0.015483
0.000390
0.000014
0.000132
0.000045
0.000170
0.000182
0.000088
0.000249
0.000407
0.000104
0.000951
0.000897
0.000380
0.001553
0.002474
0.000537
0.003852
0.004304
0.000282
0.005945
0.007871
0.001307
0.010245
0.013401
0.005924
0.153694
0.019821
0.000486
0.000015
0.000086
0.000147
0.000055
0.000168
0.000127
0.000097
0.000119
0.000543
0.000418
0.000941
0.000226
0.004095
0.000189
0.002983
0.000397
0.004198
0.002476
0.006152
0.000645
0.000389
0.004659
0.032609
0.000890
0.127381
0.008132
0.023553
0.000480
0.000015
0.000199
0.000150
0.000275
0.000258
0.000377
0.000965
0.000445
0.001246
0.000918
0.000905
0.001574
0.004011
0.002642
0.003213
0.009887
0.004198
0.006137
0.006311
0.024494
0.009876
0.032890
0.033526
0.131707
0.152002
0.019652
0.057075
0.086795
0.000531
0.000016
0.000131
0.000116
0.000104
0.000070
0.000080
0.000460
0.000266
0.000210
0.000143
0.000904
0.000194
0.004090
0.002482
0.000230
0.003897
0.010848
0.000346
0.006362
0.000342
0.001520
0.004792
0.035021
0.000943
0.001201
0.020231
0.002529
0.010928
0.094520
0.000574
