1
2
1
3
3
1
4
2
4
1
5
4
4
5
1
6
3
2
3
5
1
7
5
5
5
5
5
1
8
4
5
2
5
4
7
1
9
6
3
6
6
3
6
7
1
10
5
6
4
2
4
6
5
6
1
11
7
6
6
6
6
6
6
7
6
1
12
6
4
3
6
2
6
3
4
5
7
1
13
8
7
7
6
6
6
6
7
7
6
7
1
14
7
7
5
7
5
2
5
7
5
7
5
7
1
15
9
5
7
3
4
8
8
4
3
7
5
8
7
1
16
8
8
4
7
5
7
2
7
5
7
4
8
7
7
1
17
10
8
8
7
7
7
8
8
7
7
7
8
7
8
8
1
18
9
6
6
7
3
7
6
2
6
7
3
7
6
5
7
8
1
19
11
9
8
8
7
7
7
7
7
7
7
7
7
7
7
9
7
1
20
10
9
5
4
6
7
4
8
2
8
4
7
6
4
5
7
6
9
1
21
12
7
9
8
5
3
7
5
7
7
5
7
3
5
8
9
5
7
8
1
22
11
10
7
8
6
9
6
8
6
2
6
8
6
8
6
8
7
8
6
8
1
23
13
10
9
8
8
8
9
8
8
8
8
8
8
8
8
8
8
9
8
8
8
1
24
12
8
6
9
4
8
3
5
6
7
2
7
6
5
3
8
4
9
5
7
7
8
1
25
14
11
10
5
8
8
9
8
4
8
8
8
8
4
8
9
8
8
5
8
8
8
8
1
26
13
11
8
9
7
8
7
9
6
8
6
2
6
8
6
9
7
8
7
8
6
8
7
8
1
27
15
9
10
9
6
8
8
3
8
8
6
8
8
6
8
8
3
8
8
6
8
8
7
10
8
1
28
14
12
7
9
7
4
5
8
7
8
5
9
2
8
5
8
7
8
5
4
7
9
5
10
7
8
1
29
16
12
11
10
9
10
8
9
8
8
8
9
8
8
9
8
8
8
9
8
9
9
10
10
8
8
9
1
30
15
10
9
6
5
9
7
6
3
8
4
9
8
2
8
9
4
8
3
6
7
9
5
5
8
6
7
9
1
