1
2
1
3
3
1
4
2
4
1
5
4
4
5
1
6
3
2
3
6
1
7
5
5
5
5
7
1
8
4
5
2
5
4
8
1
9
6
3
6
6
3
6
9
1
10
5
6
4
2
4
6
5
10
1
11
7
6
6
7
7
6
6
7
11
1
12
6
4
3
6
2
6
3
4
6
12
1
13
8
7
7
6
8
8
6
7
7
8
13
1
14
7
7
5
7
5
2
5
7
5
7
7
14
1
15
9
5
7
3
4
9
9
4
3
7
5
9
15
1
16
8
8
4
8
5
7
2
7
5
8
4
8
8
16
1
17
10
8
8
7
8
7
10
10
7
8
7
8
8
10
17
1
18
9
6
6
7
3
7
6
2
6
7
3
7
6
6
9
18
1
19
11
9
8
8
9
7
7
11
11
7
7
9
8
8
9
11
19
1
20
10
9
5
4
6
9
4
8
2
8
4
9
6
4
5
9
10
20
1
21
12
7
9
9
5
3
7
5
12
12
5
7
3
5
9
9
7
12
21
1
22
11
10
7
8
6
10
6
8
7
2
7
8
6
10
6
8
7
10
11
22
1
23
13
10
9
8
9
8
10
8
8
13
13
8
8
10
8
9
8
9
10
13
23
1
24
12
8
6
9
4
8
3
5
6
9
2
9
6
5
3
8
4
9
6
8
12
24
1
25
14
11
10
5
10
8
11
8
4
8
14
14
8
4
8
11
8
10
5
10
11
14
25
1
26
13
11
8
10
7
8
7
11
6
8
8
2
8
8
6
11
7
8
7
10
8
11
13
26
1
27
15
9
10
9
6
10
8
3
8
9
6
15
15
6
9
8
3
8
10
6
9
10
9
15
27
1
28
14
12
7
9
7
4
5
12
7
9
5
10
2
10
5
9
7
12
5
4
7
9
7
12
14
28
1
29
16
12
11
10
10
11
8
9
12
8
8
9
16
16
9
8
8
12
9
8
11
10
10
11
12
16
29
1
30
15
10
9
6
5
9
7
6
3
8
4
9
9
2
9
9
4
8
3
6
7
9
5
6
9
10
15
30
1
