0.000760
0.001528
0.002294
0.003056
0.003793
0.004589
0.005314
0.006083
0.006835
0.007628
0.008470
0.009143
0.010048
0.010817
0.011539
0.012430
0.013258
0.013983
0.014887
0.015626
0.016541
0.017349
0.018175
0.018996
0.020017
0.020903
0.021676
0.022340
0.023115
0.024065
0.024961
0.025798
0.026639
0.027435
0.028371
0.029113
0.030096
0.031765
0.034205
0.034262
0.038152
0.035110
0.035580
0.036479
0.037288
0.038271
0.039063
0.040019
0.040758
0.041875
0.042695
0.043834
0.044832
0.045520
0.046895
0.048115
0.048228
0.049229
0.050192
0.051026
0.052062
0.052918
0.053883
0.054839
0.056144
0.057736
0.057989
0.058745
0.059888
0.060658
0.061795
0.062749
0.063954
0.064778
0.065608
0.066841
0.067670
0.068755
0.069590
0.070846
0.071680
0.073454
0.073664
0.074669
0.075694
0.076884
0.094467
0.080506
0.080535
0.081189
0.082118
0.083469
0.084158
0.086003
0.086164
0.087455
0.088571
0.089530
0.090822
0.091953
0.092730
0.093697
0.094758
0.095720
0.097660
0.098053
0.098923
0.100220
0.101404
0.102451
0.103387
0.104679
0.105661
0.106740
0.108513
0.109050
0.110049
0.111487
0.112979
0.113518
0.114557
0.115811
0.116879
0.118311
0.119439
0.120569
0.121821
0.123889
0.123982
0.125002
0.126272
0.127492
0.128810
0.129705
0.131059
0.132149
0.133337
0.134367
0.135948
0.136835
0.138049
0.139565
0.141002
0.141601
0.142777
0.144246
0.145612
0.146511
0.147722
0.148911
0.150341
0.151006
0.152307
0.153388
0.154993
0.156445
0.157488
0.158560
0.159967
0.160839
0.162309
0.163836
0.164970
0.166253
0.167359
0.168787
0.169754
0.171373
0.172444
0.173702
0.175028
0.176159
0.177445
0.178925
0.180114
0.181394
0.182745
0.183600
0.185677
0.186379
0.187642
0.189016
0.190394
0.191479
0.193850
0.194523
0.195069
0.196839
0.197957
0.199923
0.200959
0.202057
0.203372
0.204741
0.206973
0.207152
0.208511
0.210036
0.211950
0.213271
0.214112
0.215566
0.216691
0.218668
0.219887
0.220511
0.223446
0.223769
0.225770
0.225953
0.229155
0.229693
0.231851
0.233091
0.233277
0.235126
0.237616
0.237720
0.238747
0.240582
0.242350
0.243863
0.244664
0.246085
0.248387
0.249842
0.250092
0.252040
0.253695
0.255319
0.256599
0.257720
0.259919
0.260848
0.262197
0.263792
0.266238
0.266639
0.267821
0.269049
0.271692
0.272842
0.273989
0.275364
0.277389
0.278234
0.280301
0.281942
0.283062
0.284548
0.286017
0.288373
0.289467
0.291822
0.293796
0.294668
0.320353
0.298222
0.299071
0.300405
0.301547
0.302821
0.304431
0.305485
0.307359
0.307931
0.310614
0.312512
0.313501
0.315202
0.316758
0.318679
0.320180
0.321750
0.323583
0.324328
0.326056
0.328279
0.329451
0.330777
0.333065
0.334588
0.335853
0.336944
0.339217
0.340995
0.342137
0.343506
0.345342
0.346647
0.348777
0.350380
0.352283
0.353197
0.355540
0.356937
0.358730
0.360292
0.362309
0.363512
0.364935
0.366472
0.368682
0.371163
0.371566
0.374182
0.374527
0.376568
0.378774
0.380130
0.383414
0.385275
0.386473
0.388661
0.390240
0.391833
0.393102
0.395166
0.396857
0.398579
0.400017
0.401607
0.403677
0.405787
0.406619
0.408871
0.410849
0.412324
0.414367
0.415850
0.417740
0.419075
0.421028
0.423210
0.423923
0.426443
0.427249
0.429606
0.431571
0.433822
0.435010
0.435924
0.438751
0.439608
0.442343
0.443379
0.444826
0.448079
0.448958
0.451284
0.452238
0.454541
0.456334
0.458391
0.458527
0.461730
0.462200
0.465520
0.467143
0.468332
0.470407
0.471883
0.474014
0.475563
0.478003
0.479702
0.482061
0.483337
0.486030
0.486924
0.488554
0.489803
0.493131
0.493427
0.496002
0.497838
0.499804
0.501367
0.506304
0.506197
0.507770
0.508592
0.511661
0.512837
0.515905
0.516699
0.518874
0.520147
0.522725
0.523845
0.526590
0.527351
0.530927
0.532924
0.533931
0.537328
0.537222
0.540690
0.543465
0.544754
0.546163
0.548108
0.549734
0.552088
0.553678
0.556283
0.557859
0.558809
0.561969
0.563240
0.565746
0.566943
0.569358
0.571918
0.573221
0.576088
0.576814
0.579356
0.581866
0.583474
0.586139
0.587775
0.610532
0.591149
0.594271
0.596534
0.598214
0.601262
0.601724
0.603645
0.605467
0.608118
0.611836
0.612591
0.614227
0.616077
0.617090
0.619909
0.622304
0.624151
0.626692
0.628337
0.630532
0.631543
0.632301
0.635318
0.638406
0.640810
0.642844
0.645624
0.646413
0.649229
0.651264
0.654293
0.655223
0.657558
0.660584
0.661847
0.664162
0.666579
0.667164
0.668017
0.671282
0.673111
0.673713
0.676886
0.679419
0.682117
0.682380
0.685510
0.686752
0.688623
0.691537
0.693871
0.697570
0.700943
0.702191
0.704367
0.708583
0.709132
0.711410
0.713316
0.714066
0.716819
0.718567
0.721530
0.722673
0.725884
0.727198
0.729578
0.732824
0.735178
0.740575
0.739742
0.741809
0.743736
0.745735
0.749138
0.751754
0.752952
