0.000706
0.001441
0.002182
0.002852
0.003667
0.004487
0.005286
0.006124
0.006959
0.007851
0.008490
0.009425
0.010102
0.010999
0.011880
0.012760
0.013640
0.014393
0.015158
0.016185
0.017377
0.019727
0.019523
0.019706
0.020422
0.021281
0.021964
0.022954
0.023764
0.024803
0.025567
0.026209
0.027243
0.028095
0.029020
0.031038
0.043600
0.033613
0.037217
0.037916
0.038534
0.037122
0.037644
0.037430
0.038172
0.039134
0.040091
0.041214
0.041843
0.042998
0.045045
0.048292
0.049114
0.050219
0.051297
0.052720
0.053488
0.054768
0.055625
0.057389
0.059850
0.058939
0.059896
0.061106
0.061663
0.060209
0.059550
0.060343
0.061398
0.062295
0.062998
0.063820
0.065336
0.065840
0.067068
0.068392
0.069032
0.069902
0.071486
0.071565
0.073016
0.074352
0.075051
0.076268
0.076840
0.078020
0.079077
0.080342
0.082494
0.082148
0.083213
0.084469
0.085143
0.086809
0.087168
0.088676
0.089661
0.090786
0.091989
0.092874
0.094088
0.095954
0.097669
0.097192
0.098500
0.099295
0.100557
0.101276
0.102430
0.103556
0.104744
0.105911
0.108040
0.108308
0.109573
0.110683
0.111144
0.112587
0.113732
0.115060
0.116423
0.117390
0.118560
0.119411
0.121114
0.121499
0.122929
0.124106
0.125082
0.126663
0.127635
0.128781
0.130311
0.131123
0.132185
0.135550
0.135467
0.135699
0.136982
0.138239
0.139076
0.140579
0.143218
0.142789
0.144131
0.145457
0.146251
0.147378
0.148641
0.149934
0.151197
0.152235
0.153978
0.155046
0.156107
0.157035
0.158390
0.159792
0.161806
0.161965
0.163371
0.164787
0.166170
0.167755
0.169134
0.170217
0.171215
0.172125
0.174595
0.174901
0.176390
0.201920
0.180828
0.181057
0.181899
0.183224
0.184127
0.185113
0.188204
0.188164
0.189575
0.191202
0.192148
0.193021
0.194515
0.195652
0.197477
0.198206
0.199490
0.201091
0.202321
0.203938
0.205304
0.206348
0.212378
0.209663
0.210725
0.212011
0.213654
0.214724
0.216964
0.217452
0.218540
0.220004
0.221518
0.222936
0.224324
0.225554
0.227427
0.228803
0.229700
0.230848
0.232955
0.233867
0.235826
0.236490
0.238365
0.240183
0.241656
0.242973
0.244248
0.246115
0.247067
0.248415
0.249883
0.250932
0.252707
0.254298
0.255502
0.257323
0.259413
0.260331
0.261855
0.263126
0.265738
0.266494
0.267569
0.269541
0.270603
0.271914
0.273505
0.275359
0.276373
0.278267
0.279207
0.281452
0.282019
0.283804
0.285718
0.287472
0.288883
0.290785
0.292043
0.292916
0.294986
0.296449
0.297417
0.298781
0.300618
0.302170
0.303974
0.306257
0.307673
0.308680
0.310192
0.312090
0.313355
0.314608
0.316409
0.317786
0.319487
0.321194
0.321928
0.323842
0.325679
0.326995
0.328538
0.330507
0.331795
0.333358
0.335175
0.337145
0.338122
0.340003
0.341476
0.343316
0.345132
0.346124
0.347939
0.349481
0.350924
0.352883
0.354869
0.356117
0.358051
0.359760
0.361510
0.363040
0.364916
0.367270
0.368186
0.369275
0.370893
0.373208
0.374967
0.375988
0.378355
0.379562
0.381657
0.383181
0.385180
0.386801
0.387792
0.390007
0.391489
0.393773
0.395537
0.396719
0.398633
0.400317
0.406615
0.403595
0.405951
0.407086
0.408859
0.430575
0.412926
0.414010
0.415888
0.417678
0.420142
0.421246
0.422660
0.424408
0.426249
0.428086
0.429457
0.431557
0.433488
0.434905
0.436769
0.438210
0.440328
0.441844
0.443886
0.445578
0.447653
0.449904
0.455446
0.453989
0.454582
0.456170
0.457774
0.459664
0.461075
0.463135
0.464710
0.466668
0.469897
0.471171
0.473831
0.474874
0.476431
0.478959
0.480846
0.482628
0.484029
0.485779
0.487742
0.490042
0.492155
0.493515
0.495603
0.497326
0.499757
0.501061
0.502710
0.504522
0.507114
0.508694
0.510401
0.512730
0.515216
0.516047
0.518076
0.519991
0.521968
0.524103
0.526632
0.527381
0.530148
0.531593
0.533915
0.535687
0.537303
0.539794
0.541588
0.543667
0.545407
0.546709
0.548201
0.550503
0.552520
0.554248
0.556212
0.558215
0.560442
0.562222
0.564365
0.566328
0.567992
0.569519
0.571420
0.573070
0.574765
0.577758
0.579616
0.580683
0.583874
0.585469
0.587478
0.589351
0.591978
0.594400
0.595509
0.597527
0.600158
0.601403
0.603796
0.606258
0.607432
0.700375
0.613645
0.614718
0.614868
0.619297
0.619819
0.622838
0.624615
0.626898
0.630482
0.630996
0.632133
0.634752
0.636969
0.639078
0.641377
0.643469
0.647651
0.647094
0.649876
0.651202
0.654177
0.655237
0.656370
0.659235
0.664071
0.663185
0.666120
0.667593
0.670174
0.672377
0.674246
0.676830
0.679044
0.681397
0.683508
0.685991
0.687593
0.688994
0.691288
0.693647
0.695280
0.698196
0.700242
0.701928
0.704544
0.706307
0.708612
0.710218
0.714074
0.715663
0.717945
0.719843
0.722136
0.723853
0.726201
0.728162
0.730511
0.732347
0.756298
0.737424
0.739616
0.740888
0.744851
0.746169
0.748601
0.750311
0.752941
0.754925
