0.000720
0.001525
0.002261
0.003052
0.003818
0.004573
0.005313
0.006133
0.006858
0.007691
0.008436
0.009272
0.010039
0.010835
0.011599
0.012408
0.013120
0.013980
0.014820
0.015563
0.016730
0.017499
0.018211
0.019022
0.019737
0.020562
0.021510
0.022153
0.023145
0.023916
0.024849
0.025753
0.026492
0.027515
0.028217
0.029097
0.029928
0.035311
0.037797
0.034602
0.036367
0.036985
0.038863
0.037609
0.037828
0.038426
0.039306
0.040086
0.040853
0.041633
0.042652
0.043595
0.046214
0.047096
0.047482
0.047494
0.048209
0.049343
0.050104
0.051063
0.052247
0.052997
0.053942
0.054902
0.056351
0.056874
0.057704
0.058762
0.059854
0.060819
0.061785
0.063305
0.063485
0.064514
0.065623
0.066710
0.067939
0.068622
0.069604
0.071350
0.071680
0.072489
0.073553
0.074781
0.075489
0.077039
0.078689
0.078941
0.079828
0.080788
0.081949
0.082985
0.084605
0.085119
0.086144
0.087118
0.088149
0.089869
0.090382
0.091379
0.092285
0.093532
0.094584
0.095999
0.096923
0.097868
0.098892
0.099950
0.101707
0.102205
0.103098
0.103927
0.105205
0.106449
0.107584
0.115668
0.122086
0.112191
0.112480
0.113004
0.114316
0.115283
0.116904
0.117668
0.118795
0.120013
0.121642
0.121909
0.123158
0.124098
0.125908
0.126093
0.127537
0.129300
0.130339
0.131537
0.132363
0.133760
0.135081
0.136157
0.137480
0.139187
0.139714
0.140681
0.141492
0.142951
0.144515
0.145374
0.147407
0.148238
0.149184
0.150620
0.151305
0.152782
0.154162
0.155951
0.156703
0.157589
0.158857
0.159940
0.161105
0.162762
0.163656
0.165274
0.166529
0.167835
0.168915
0.171617
0.171845
0.173019
0.174115
0.175822
0.177082
0.179327
0.179697
0.181037
0.182045
0.183201
0.185291
0.185834
0.187724
0.188647
0.189700
0.191699
0.192817
0.193657
0.194980
0.196488
0.198095
0.199451
0.200587
0.201912
0.203439
0.204667
0.206180
0.207465
0.208988
0.210053
0.212109
0.212469
0.213938
0.215761
0.216726
0.218990
0.219798
0.221014
0.222687
0.224029
0.225586
0.226785
0.227719
0.229597
0.231609
0.232041
0.233952
0.235334
0.237351
0.237833
0.239383
0.240720
0.242776
0.243856
0.245319
0.246624
0.248476
0.249421
0.250466
0.252369
0.254427
0.255149
0.256786
0.257970
0.260355
0.260806
0.262500
0.263775
0.266474
0.267212
0.268318
0.269470
0.271666
0.272568
0.274419
0.276048
0.277399
0.278543
0.278345
0.282130
0.282866
0.283738
0.286306
0.287661
0.288352
0.289951
0.292374
0.293601
0.295538
0.297632
0.298135
0.300015
0.301120
0.303672
0.304435
0.305651
0.308008
0.308442
0.310763
0.311981
0.313403
0.314107
0.316941
0.317656
0.318798
0.321037
0.322733
0.323835
0.326013
0.327346
0.328316
0.330733
0.332744
0.334263
0.336172
0.345283
0.341886
0.341617
0.342350
0.343613
0.346309
0.347075
0.349039
0.351516
0.351783
0.352564
0.354915
0.355541
0.356822
0.359930
0.360959
0.361836
0.364685
0.366612
0.368090
0.370640
0.371674
0.374585
0.375006
0.376735
0.378566
0.379629
0.382067
0.382959
0.385444
0.387909
0.388669
0.390530
0.390679
0.392478
0.394673
0.395552
0.397135
0.398956
0.399943
0.402700
0.404929
0.406899
0.408994
0.409883
0.412287
0.413637
0.416057
0.417811
0.420672
0.421900
0.423341
0.424595
0.426191
0.428585
0.430610
0.432606
0.433711
0.435557
0.438332
0.438912
0.440757
0.441531
0.443936
0.446107
0.447810
0.450095
0.450931
0.453723
0.455174
0.457562
0.458272
0.460820
0.462620
0.464256
0.466795
0.468136
0.469936
0.471230
0.472630
0.473831
0.475962
0.476522
0.479719
0.480447
0.482938
0.486132
0.487628
0.489526
0.492456
0.493244
0.495924
0.497184
0.499065
0.499761
0.502729
0.504837
0.507547
0.508848
0.509782
0.510922
0.513187
0.513904
0.516979
0.518060
0.520985
0.521150
0.524330
0.525902
0.528742
0.531538
0.533278
0.535296
0.537059
0.539542
0.541316
0.543957
0.545408
0.548570
0.549480
0.550349
0.550678
0.553585
0.555099
0.557324
0.560126
0.560517
0.562395
0.563557
0.566304
0.569321
0.569968
0.573078
0.575197
0.577101
0.577688
0.580983
0.582713
0.585676
0.587234
0.588088
0.592057
0.592748
0.595868
0.596998
0.598368
0.601436
0.602995
0.605134
0.607237
0.607831
0.611574
0.611900
0.615676
0.617949
0.618151
0.620989
0.623456
0.625631
0.628351
0.628840
0.631570
0.633832
0.636350
0.637492
0.640816
0.656430
0.645412
0.646470
0.647637
0.651122
0.653199
0.654645
0.654840
0.658488
0.659955
0.662099
0.663012
0.664938
0.667372
0.670029
0.672076
0.673791
0.676004
0.679563
0.681454
0.682311
0.684399
0.687456
0.690335
0.692039
0.694234
0.697642
0.698621
0.700986
0.703052
0.705139
0.707121
0.709103
0.712358
0.712252
0.714304
0.717233
0.719932
0.722631
0.724772
0.725343
0.728104
0.729657
0.732377
0.735269
0.735228
0.737292
0.740883
0.742625
0.745890
0.747612
