0.000719
0.001533
0.002308
0.003020
0.003818
0.004589
0.005303
0.006134
0.006859
0.007655
0.008476
0.009136
0.010030
0.011095
0.011610
0.012364
0.013208
0.014058
0.014797
0.015667
0.016519
0.017414
0.018110
0.019027
0.019783
0.020558
0.021574
0.022250
0.023298
0.024012
0.024942
0.025757
0.026630
0.027500
0.028639
0.029240
0.030166
0.031586
0.033912
0.034539
0.037594
0.038047
0.039350
0.039319
0.037598
0.038582
0.039515
0.040124
0.041336
0.042004
0.043236
0.043862
0.049667
0.051438
0.050772
0.052036
0.053116
0.053915
0.054968
0.056108
0.057142
0.058075
0.058751
0.060320
0.060999
0.062648
0.063302
0.059737
0.060301
0.084647
0.063111
0.063423
0.064255
0.065209
0.065895
0.067131
0.067753
0.069055
0.069931
0.071125
0.072118
0.072937
0.074021
0.075044
0.075752
0.077100
0.078357
0.079222
0.080271
0.081185
0.082311
0.083305
0.084431
0.086079
0.086345
0.087540
0.088593
0.089661
0.090783
0.092070
0.092878
0.093966
0.094922
0.096046
0.097763
0.098123
0.099290
0.100438
0.101610
0.102782
0.104073
0.104752
0.106218
0.107489
0.108467
0.109230
0.110585
0.111684
0.112633
0.113607
0.114998
0.116070
0.117790
0.118448
0.119365
0.120810
0.121774
0.122816
0.123907
0.125281
0.127023
0.127644
0.128481
0.129736
0.131091
0.132214
0.133608
0.134908
0.136699
0.137210
0.138215
0.139470
0.140831
0.141763
0.143051
0.144435
0.145351
0.146300
0.147590
0.149030
0.150171
0.151574
0.153548
0.154015
0.155363
0.156619
0.160858
0.159387
0.161515
0.161805
0.162709
0.164277
0.165809
0.166535
0.168015
0.169314
0.170378
0.171567
0.172687
0.174007
0.175710
0.176532
0.177634
0.179364
0.180464
0.181493
0.183026
0.184336
0.185546
0.187327
0.188388
0.189820
0.191281
0.191996
0.193187
0.194732
0.196128
0.197509
0.198204
0.200262
0.201218
0.203010
0.204232
0.205380
0.207234
0.208028
0.209773
0.210797
0.212292
0.213815
0.214958
0.216701
0.217260
0.219146
0.220673
0.222394
0.223153
0.224246
0.225918
0.227201
0.228775
0.229690
0.231350
0.232675
0.234109
0.235469
0.236821
0.238253
0.240389
0.241277
0.242360
0.244129
0.245431
0.246223
0.247880
0.249579
0.251560
0.252472
0.254008
0.255909
0.257870
0.258311
0.260048
0.261440
0.263750
0.264680
0.266006
0.267224
0.269335
0.270420
0.271728
0.273621
0.274936
0.275885
0.277872
0.299718
0.281675
0.282962
0.284441
0.286196
0.287204
0.288516
0.290163
0.291901
0.293386
0.295014
0.297005
0.297871
0.299390
0.301304
0.301799
0.303950
0.306683
0.307194
0.309185
0.310723
0.312203
0.313591
0.315308
0.317016
0.318627
0.320173
0.321853
0.322901
0.324485
0.326799
0.327807
0.329505
0.330677
0.332424
0.333969
0.336109
0.336897
0.338773
0.340840
0.341760
0.343410
0.345825
0.346791
0.348571
0.350687
0.351692
0.353834
0.355128
0.356711
0.358637
0.359791
0.361642
0.363894
0.365167
0.374190
0.368784
0.369599
0.371786
0.373035
0.374886
0.377036
0.377989
0.381770
0.382085
0.383527
0.385577
0.386702
0.388677
0.390065
0.391640
0.393370
0.395312
0.396800
0.398820
0.400215
0.402411
0.402971
0.405464
0.407155
0.408529
0.410810
0.411760
0.414069
0.416307
0.417681
0.419462
0.420861
0.422460
0.424645
0.425978
0.427865
0.429568
0.431950
0.433088
0.435087
0.437040
0.438666
0.440218
0.441946
0.443351
0.445300
0.447643
0.449828
0.450956
0.453271
0.454066
0.456438
0.457749
0.460019
0.462397
0.464187
0.465788
0.467615
0.469235
0.471277
0.472997
0.474306
0.476941
0.478328
0.481192
0.481552
0.483215
0.485585
0.487158
0.489119
0.491339
0.492568
0.495820
0.496946
0.499150
0.500873
0.502020
0.504551
0.506484
0.508624
0.510571
0.511507
0.514340
0.515791
0.518512
0.519339
0.521759
0.524299
0.526007
0.527993
0.528541
0.531185
0.534141
0.535387
0.537130
0.539349
0.541399
0.543449
0.544524
0.547095
0.549291
0.550220
0.553128
0.553934
0.556321
0.558533
0.560751
0.562670
0.564276
0.567203
0.567985
0.596016
0.572464
0.574337
0.576088
0.578869
0.580929
0.582410
0.585146
0.586846
0.588968
0.590854
0.591550
0.593992
0.595942
0.598222
0.600231
0.602122
0.604303
0.605904
0.608425
0.610360
0.611997
0.614677
0.616161
0.617987
0.620938
0.622545
0.624887
0.626170
0.629290
0.630573
0.633045
0.636125
0.638093
0.639315
0.641289
0.643513
0.645409
0.647862
0.649918
0.650974
0.653774
0.655865
0.657987
0.660191
0.661718
0.663783
0.666344
0.667902
0.672657
0.674909
0.675486
0.677757
0.677945
0.680482
0.682469
0.685807
0.688119
0.689127
0.691276
0.693956
0.696882
0.698703
0.700095
0.705366
0.706464
0.706578
0.709466
0.711289
0.712736
0.715635
0.717202
0.720480
0.722230
0.724139
0.726014
0.728714
0.731725
0.733202
0.734141
0.736446
0.740000
0.741630
0.744267
0.746754
0.747933
0.749228
0.752261
