0.000739
0.001534
0.002261
0.003008
0.003840
0.004541
0.005373
0.006079
0.006860
0.007716
0.008432
0.009285
0.010043
0.010911
0.011779
0.012476
0.013247
0.014005
0.014825
0.015711
0.016476
0.017328
0.018100
0.019023
0.019806
0.020550
0.021513
0.022213
0.023213
0.023913
0.024834
0.025854
0.026578
0.027486
0.028253
0.029128
0.030162
0.031566
0.033765
0.034311
0.036016
0.036603
0.037511
0.037949
0.037394
0.038352
0.039090
0.040010
0.041164
0.041909
0.042746
0.043900
0.045398
0.045783
0.046323
0.047582
0.048442
0.049134
0.050256
0.051253
0.052870
0.053607
0.054082
0.055054
0.056096
0.056952
0.057901
0.058868
0.060507
0.060929
0.061836
0.062802
0.063661
0.064794
0.065595
0.066828
0.067856
0.069575
0.069709
0.070803
0.071643
0.072929
0.073725
0.075182
0.075794
0.076756
0.077973
0.078882
0.080027
0.081011
0.082633
0.083036
0.084164
0.084918
0.086242
0.087726
0.088530
0.089340
0.090486
0.091623
0.092421
0.094225
0.095152
0.095958
0.119994
0.099211
0.099420
0.100333
0.101264
0.102683
0.103669
0.104696
0.105702
0.106871
0.107944
0.109465
0.110052
0.111322
0.112312
0.113581
0.114818
0.115746
0.116906
0.117938
0.120057
0.120346
0.121640
0.122891
0.123804
0.125230
0.126621
0.127188
0.128956
0.129478
0.130497
0.131631
0.133010
0.134153
0.135267
0.136655
0.137534
0.138615
0.140145
0.140945
0.142181
0.143584
0.144811
0.146497
0.146845
0.147902
0.149361
0.150896
0.152114
0.154117
0.154873
0.155914
0.157213
0.158484
0.159632
0.161080
0.162858
0.163362
0.164681
0.165862
0.166931
0.168543
0.170506
0.171005
0.171976
0.173848
0.174741
0.176616
0.177934
0.179331
0.180347
0.181348
0.182483
0.184618
0.185249
0.187032
0.187800
0.189273
0.190739
0.192023
0.193102
0.194332
0.196222
0.197721
0.198737
0.200164
0.201032
0.202759
0.204646
0.205616
0.206620
0.207986
0.210289
0.210877
0.211927
0.213150
0.214731
0.216142
0.217395
0.218474
0.219854
0.221083
0.222935
0.224280
0.236160
0.232053
0.229435
0.230706
0.236922
0.258736
0.237928
0.240084
0.239086
0.238983
0.240032
0.242025
0.242300
0.244786
0.245732
0.247273
0.248400
0.250045
0.251674
0.253886
0.254221
0.255978
0.257195
0.259668
0.260911
0.261972
0.262747
0.265062
0.266570
0.268646
0.269660
0.270684
0.271833
0.273517
0.275866
0.276307
0.278536
0.278889
0.282319
0.282300
0.283043
0.288129
0.286730
0.288340
0.289565
0.292491
0.292477
0.294340
0.296661
0.297310
0.298966
0.300546
0.303417
0.303155
0.305329
0.307401
0.308076
0.310434
0.312055
0.313690
0.314395
0.316470
0.324454
0.336827
0.321899
0.323666
0.324164
0.325991
0.327523
0.328821
0.331170
0.331971
0.333350
0.336270
0.336859
0.338663
0.341168
0.342366
0.344501
0.345556
0.348246
0.348469
0.350732
0.351791
0.353381
0.355265
0.356408
0.358356
0.361122
0.360697
0.363025
0.364638
0.366498
0.368856
0.369778
0.371133
0.373370
0.374761
0.376141
0.378806
0.379308
0.381359
0.383235
0.387291
0.402656
0.388870
0.391294
0.391470
0.396055
0.396768
0.397072
0.399113
0.400411
0.401233
0.403964
0.405572
0.407163
0.408792
0.410802
0.415720
0.413774
0.416749
0.417630
0.419812
0.421570
0.423209
0.424871
0.426379
0.428685
0.430227
0.430949
0.433730
0.435469
0.437295
0.438021
0.440561
0.442303
0.444576
0.446704
0.447041
0.449059
0.450270
0.453387
0.453995
0.453343
0.457430
0.460036
0.462329
0.463054
0.465043
0.466862
0.468014
0.470712
0.474140
0.474587
0.476869
0.477925
0.479967
0.481426
0.483507
0.484922
0.488008
0.489157
0.492042
0.492893
0.494321
0.495689
0.498468
0.499546
0.502464
0.503142
0.505957
0.507112
0.508946
0.511968
0.514454
0.514708
0.517983
0.518748
0.522225
0.521900
0.524133
0.525361
0.529892
0.529970
0.532114
0.535349
0.536808
0.538738
0.539355
0.542071
0.543807
0.546350
0.545072
0.548485
0.549819
0.553784
0.555255
0.555379
0.557686
0.559469
0.564272
0.565309
0.568200
0.569609
0.571483
0.574239
0.576138
0.578461
0.579871
0.581664
0.584478
0.585447
0.587615
0.589515
0.591639
0.593209
0.594684
0.596917
0.598730
0.600455
0.601998
0.604085
0.605439
0.608208
0.610316
0.612360
0.615284
0.617351
0.637414
0.623418
0.623207
0.624654
0.626944
0.629277
0.632500
0.633969
0.634088
0.636059
0.638282
0.639741
0.644941
0.645190
0.649446
0.650091
0.652573
0.653508
0.657823
0.659234
0.659868
0.662111
0.666192
0.666043
0.669752
0.671639
0.672921
0.674956
0.678162
0.677674
0.682937
0.682366
0.683888
0.686483
0.689476
0.692509
0.695998
0.696458
0.699408
0.700986
0.703918
0.705761
0.707289
0.710194
0.712722
0.712561
0.715750
0.718562
0.721010
0.722492
0.725238
0.727241
0.729891
0.731420
0.733751
0.736656
0.736979
0.740237
0.741763
0.743939
0.745571
0.748622
0.750490
