0.000772
0.001514
0.002261
0.002996
0.003698
0.004552
0.005234
0.006102
0.006892
0.007482
0.008421
0.009215
0.010084
0.010894
0.011503
0.012378
0.013123
0.013963
0.014754
0.015661
0.016422
0.017134
0.018026
0.018850
0.019789
0.020464
0.021286
0.022156
0.022951
0.023851
0.024737
0.025823
0.026465
0.027436
0.028270
0.029264
0.029902
0.031144
0.034725
0.034191
0.035724
0.036246
0.037465
0.037828
0.037636
0.038168
0.038884
0.039921
0.040857
0.041806
0.042739
0.043938
0.045307
0.047367
0.047980
0.048646
0.050012
0.050802
0.052199
0.052461
0.052409
0.053102
0.054278
0.055110
0.056090
0.057096
0.057598
0.058841
0.060281
0.060921
0.062066
0.062710
0.063417
0.064585
0.065251
0.067311
0.068085
0.068805
0.069904
0.071001
0.071939
0.072909
0.074022
0.075167
0.075447
0.076965
0.078045
0.079104
0.080824
0.081600
0.082433
0.083163
0.084754
0.085410
0.086442
0.087941
0.088157
0.089511
0.090343
0.091491
0.093602
0.093751
0.094120
0.095715
0.096785
0.098131
0.099816
0.099858
0.100703
0.101815
0.103710
0.104122
0.104999
0.106609
0.107562
0.108976
0.110091
0.111184
0.112377
0.113346
0.114923
0.115618
0.116844
0.117878
0.137728
0.121116
0.121800
0.123123
0.124316
0.124876
0.126494
0.127286
0.129023
0.128888
0.130764
0.132280
0.132785
0.133672
0.135534
0.136929
0.138180
0.139309
0.140522
0.141209
0.141880
0.143019
0.143985
0.146141
0.147486
0.149156
0.150220
0.151460
0.152401
0.153672
0.154299
0.155297
0.156941
0.158981
0.159763
0.160675
0.162048
0.163546
0.165164
0.166813
0.167091
0.168747
0.169708
0.171587
0.172986
0.173899
0.174810
0.175192
0.177023
0.178556
0.179740
0.180578
0.181590
0.183110
0.184229
0.186943
0.187787
0.188973
0.189798
0.191171
0.193050
0.194425
0.194413
0.196339
0.198021
0.198857
0.201230
0.202012
0.202498
0.203636
0.205088
0.208236
0.209466
0.209382
0.211019
0.213517
0.213312
0.215455
0.217061
0.217993
0.219937
0.220084
0.221868
0.222748
0.225821
0.225926
0.228092
0.228333
0.229907
0.232992
0.233665
0.236584
0.237396
0.238141
0.238563
0.240051
0.241475
0.243581
0.244218
0.245642
0.246868
0.248707
0.250947
0.252032
0.253909
0.254357
0.256584
0.258239
0.258870
0.259845
0.263126
0.264019
0.265303
0.268458
0.268371
0.268781
0.269990
0.271934
0.273907
0.274317
0.276407
0.278052
0.280062
0.281566
0.282544
0.283143
0.286072
0.286310
0.287889
0.290086
0.292200
0.292580
0.293089
0.295813
0.298537
0.297406
0.299810
0.301699
0.302623
0.304337
0.307079
0.308678
0.309872
0.312162
0.312659
0.314464
0.314694
0.316684
0.317145
0.320056
0.321007
0.324290
0.324106
0.325539
0.327776
0.329243
0.332519
0.332572
0.334506
0.337277
0.337993
0.339401
0.342149
0.343768
0.345620
0.346844
0.346638
0.360418
0.352782
0.354434
0.354614
0.357778
0.358630
0.358905
0.361515
0.363375
0.363893
0.365608
0.367093
0.369821
0.371082
0.373630
0.375216
0.376937
0.377045
0.378023
0.380586
0.382580
0.383547
0.385428
0.387432
0.389442
0.391493
0.392521
0.393588
0.396388
0.398051
0.399872
0.401289
0.403004
0.406377
0.405719
0.408772
0.409069
0.410996
0.414131
0.415349
0.416631
0.418643
0.418953
0.420485
0.422029
0.423617
0.425773
0.429033
0.431250
0.431512
0.434036
0.435202
0.438641
0.439776
0.439801
0.443185
0.443329
0.444751
0.446312
0.448741
0.450580
0.454602
0.453545
0.456501
0.457572
0.460165
0.462665
0.464529
0.466976
0.468511
0.470141
0.471835
0.474295
0.475652
0.478494
0.481126
0.482440
0.483618
0.485049
0.485395
0.488514
0.489241
0.492033
0.493587
0.497073
0.498844
0.501372
0.502400
0.504216
0.506886
0.508349
0.508986
0.512105
0.512695
0.515921
0.516824
0.518548
0.519749
0.521966
0.522311
0.525250
0.525449
0.528356
0.531070
0.533509
0.537487
0.537704
0.540542
0.541111
0.546910
0.545737
0.548544
0.549361
0.552614
0.554750
0.556163
0.557776
0.557140
0.560228
0.559249
0.563755
0.566211
0.568804
0.572442
0.572300
0.575210
0.574793
0.577199
0.579324
0.580546
0.582782
0.585234
0.587798
0.588578
0.591521
0.595976
0.596401
0.599420
0.600359
0.603843
0.605532
0.606647
0.609135
0.609954
0.612314
0.614762
0.615252
0.618356
0.620920
0.622859
0.626099
0.627292
0.628830
0.632330
0.651889
0.636937
0.637479
0.639532
0.641795
0.643899
0.644904
0.648025
0.649819
0.652398
0.654978
0.656007
0.658582
0.660696
0.662067
0.664464
0.667632
0.668922
0.670965
0.674043
0.674214
0.676917
0.679807
0.681277
0.684591
0.686425
0.688144
0.688730
0.692032
0.693833
0.696457
0.698738
0.700935
0.703332
0.706452
0.707611
0.709508
0.710216
0.714728
0.716961
0.717359
0.720809
0.721386
0.723024
0.723966
0.726198
0.729356
0.731113
0.735180
0.735652
0.738266
0.740179
0.743302
0.744639
0.747106
