0.000729
0.001491
0.002273
0.003004
0.003822
0.004535
0.005361
0.006035
0.006871
0.007593
0.008376
0.009255
0.009991
0.010830
0.011523
0.012466
0.013268
0.014003
0.014783
0.015635
0.016399
0.017294
0.018107
0.018937
0.019782
0.020488
0.021387
0.022384
0.023157
0.023984
0.024765
0.025647
0.026440
0.027391
0.028132
0.029086
0.030574
0.032305
0.036427
0.034510
0.037139
0.036653
0.037571
0.037872
0.037424
0.038178
0.039267
0.039970
0.040710
0.041703
0.042596
0.044034
0.045905
0.047354
0.048388
0.049386
0.050106
0.051231
0.052317
0.053479
0.054518
0.055084
0.054296
0.055300
0.056013
0.056873
0.058337
0.058624
0.059800
0.060705
0.062895
0.062669
0.063770
0.064791
0.065502
0.066727
0.068271
0.069743
0.069801
0.070723
0.071540
0.072831
0.073740
0.074698
0.076598
0.076872
0.077939
0.078853
0.080022
0.080968
0.083521
0.082972
0.084223
0.084818
0.085774
0.087076
0.088979
0.089692
0.109273
0.092464
0.093010
0.096166
0.095562
0.095805
0.097118
0.097973
0.099073
0.101178
0.101423
0.102345
0.103657
0.106085
0.106329
0.106592
0.107724
0.108994
0.110203
0.111047
0.112086
0.113266
0.116626
0.116539
0.116758
0.117855
0.119268
0.120371
0.121206
0.122344
0.124426
0.125666
0.125872
0.126957
0.128211
0.129607
0.130484
0.131602
0.133138
0.133827
0.135092
0.136366
0.137209
0.138231
0.139748
0.141114
0.142142
0.143254
0.144594
0.145635
0.146883
0.148328
0.149672
0.150577
0.152090
0.153155
0.154329
0.155642
0.157416
0.158163
0.159510
0.160159
0.161156
0.162882
0.164029
0.166082
0.166679
0.167795
0.169105
0.170155
0.171419
0.173609
0.173873
0.175253
0.177169
0.178029
0.179652
0.180809
0.182350
0.183345
0.184788
0.185546
0.187478
0.188273
0.189635
0.192219
0.192608
0.194609
0.194877
0.196647
0.198199
0.199090
0.200771
0.201312
0.202759
0.204366
0.205697
0.207872
0.208453
0.209624
0.211144
0.212086
0.214723
0.215355
0.216773
0.217961
0.219706
0.221404
0.222119
0.223426
0.224812
0.227223
0.227887
0.229416
0.230566
0.232797
0.233582
0.234403
0.236946
0.237424
0.239135
0.240220
0.241746
0.243049
0.245270
0.245866
0.247315
0.249159
0.251017
0.251859
0.253081
0.254048
0.256646
0.257368
0.258569
0.260687
0.261949
0.262646
0.264706
0.266600
0.267660
0.269129
0.270986
0.272859
0.273677
0.274400
0.275873
0.278390
0.280010
0.281282
0.283468
0.284563
0.285976
0.287471
0.289834
0.290517
0.292273
0.294248
0.294860
0.296493
0.298305
0.300126
0.300934
0.302416
0.305279
0.305285
0.306563
0.309551
0.334856
0.312260
0.314135
0.314346
0.316649
0.318143
0.319846
0.321704
0.323363
0.324291
0.326080
0.328201
0.330004
0.331145
0.332108
0.335143
0.335663
0.337318
0.339754
0.340711
0.342275
0.343513
0.345113
0.347635
0.349085
0.350450
0.352026
0.353534
0.355205
0.357471
0.357819
0.359322
0.361808
0.362910
0.364396
0.367744
0.368159
0.370750
0.371278
0.372923
0.375402
0.376277
0.377226
0.380788
0.380849
0.384598
0.384813
0.386385
0.387555
0.389467
0.391692
0.392932
0.394251
0.396993
0.398245
0.399985
0.401588
0.403079
0.405324
0.406975
0.407949
0.409217
0.412129
0.414144
0.415205
0.417335
0.418736
0.420408
0.423349
0.423738
0.425873
0.426135
0.429112
0.430392
0.432236
0.435097
0.436034
0.439414
0.439206
0.442385
0.444590
0.445394
0.447069
0.449294
0.450427
0.452393
0.454417
0.455947
0.458188
0.461156
0.462901
0.463826
0.466357
0.468181
0.468988
0.471091
0.471936
0.474254
0.475428
0.478391
0.480290
0.481854
0.483295
0.485530
0.486009
0.489053
0.489602
0.491899
0.494341
0.495995
0.497110
0.499651
0.500685
0.502798
0.505229
0.507148
0.508622
0.511122
0.512759
0.514399
0.516398
0.517786
0.519442
0.520882
0.524104
0.525613
0.527745
0.530624
0.532533
0.534736
0.536568
0.536980
0.541420
0.541644
0.544341
0.545923
0.548146
0.549228
0.551872
0.552414
0.555077
0.556598
0.558129
0.562267
0.563438
0.565864
0.567633
0.569370
0.572053
0.572532
0.576339
0.577320
0.578485
0.581543
0.582878
0.585467
0.586704
0.589287
0.592633
0.592727
0.594417
0.596084
0.599165
0.599611
0.601895
0.604760
0.631072
0.611493
0.611916
0.613141
0.614768
0.615558
0.618051
0.620638
0.623194
0.625688
0.627550
0.628472
0.631153
0.632645
0.635123
0.637909
0.639640
0.641831
0.644070
0.645520
0.648268
0.650633
0.652434
0.654989
0.656451
0.658382
0.659117
0.661802
0.664342
0.666184
0.668093
0.670095
0.672727
0.673144
0.677450
0.679686
0.680880
0.699558
0.686615
0.691684
0.689473
0.691632
0.694380
0.695401
0.700033
0.701145
0.703307
0.705839
0.707676
0.719453
0.711517
0.713664
0.715909
0.717253
0.721168
0.722462
0.725650
0.727878
0.729965
0.732144
0.734679
0.736515
0.738682
0.741092
0.743725
0.745269
0.747509
0.749444
