0.000739
0.001517
0.002270
0.003073
0.003759
0.004589
0.005298
0.006138
0.006897
0.007659
0.008429
0.009202
0.010046
0.010885
0.011631
0.012397
0.013273
0.013967
0.014938
0.015703
0.016498
0.017445
0.018152
0.018929
0.019822
0.020705
0.021404
0.022473
0.023218
0.024041
0.024990
0.025756
0.026752
0.027523
0.028365
0.029356
0.030176
0.031954
0.034268
0.034822
0.036910
0.038675
0.039682
0.038896
0.037842
0.038552
0.039300
0.040213
0.041192
0.042202
0.043044
0.043917
0.046907
0.051452
0.052155
0.053746
0.054549
0.055388
0.054950
0.056027
0.057134
0.058172
0.059331
0.059989
0.060985
0.062119
0.062559
0.060105
0.060513
0.061665
0.062451
0.063212
0.064099
0.065356
0.066038
0.066946
0.068350
0.069050
0.070260
0.071155
0.072024
0.072991
0.074200
0.075014
0.076119
0.077323
0.078361
0.079272
0.080326
0.081307
0.082763
0.083568
0.084410
0.085546
0.086614
0.087597
0.088744
0.089829
0.090840
0.091928
0.093097
0.094084
0.095247
0.096326
0.097419
0.098834
0.100347
0.101311
0.102294
0.103274
0.104913
0.105886
0.107097
0.107575
0.108594
0.109631
0.110809
0.111977
0.113154
0.114251
0.115603
0.116464
0.117627
0.118733
0.119903
0.121026
0.122065
0.123453
0.124652
0.125658
0.126456
0.127959
0.129200
0.130174
0.131657
0.132579
0.134122
0.135085
0.136020
0.137394
0.138538
0.139842
0.141231
0.142216
0.143388
0.144582
0.145410
0.146783
0.147992
0.149965
0.150584
0.151766
0.153119
0.154007
0.155683
0.156650
0.158129
0.159156
0.160239
0.161650
0.162845
0.163890
0.165381
0.166430
0.167911
0.169066
0.170549
0.171800
0.173328
0.174270
0.175716
0.177005
0.178292
0.179633
0.180809
0.181947
0.183404
0.184782
0.186465
0.187447
0.188627
0.190308
0.191245
0.192500
0.193804
0.195181
0.196638
0.198031
0.199065
0.201243
0.202016
0.202916
0.204318
0.206078
0.207217
0.210630
0.209652
0.211170
0.212802
0.214177
0.222319
0.221635
0.218443
0.219704
0.220906
0.222065
0.223537
0.225732
0.226561
0.228036
0.229237
0.230882
0.232477
0.233698
0.234779
0.236414
0.238766
0.240398
0.240932
0.242593
0.243441
0.244980
0.246442
0.247393
0.249861
0.250585
0.251940
0.253073
0.255253
0.256445
0.257860
0.259183
0.260954
0.262428
0.263587
0.265090
0.266565
0.267898
0.269187
0.271903
0.276746
0.274453
0.275586
0.276967
0.278437
0.279891
0.281272
0.282902
0.284297
0.285824
0.287352
0.288982
0.290658
0.292510
0.293437
0.295994
0.296566
0.298368
0.300246
0.301154
0.303391
0.304666
0.305519
0.308152
0.309328
0.310461
0.312067
0.314011
0.315331
0.316495
0.318839
0.320095
0.321637
0.323260
0.325034
0.326637
0.328152
0.329565
0.331010
0.333070
0.333918
0.335749
0.337965
0.339220
0.340841
0.342905
0.344515
0.346087
0.347055
0.349254
0.350280
0.352124
0.353871
0.356395
0.356891
0.358207
0.360224
0.361867
0.363885
0.365160
0.367334
0.368276
0.370262
0.371798
0.373495
0.375975
0.377352
0.379185
0.380489
0.382082
0.384571
0.385674
0.387700
0.389096
0.390414
0.392472
0.394523
0.396247
0.397995
0.398844
0.400624
0.402602
0.404190
0.405901
0.407678
0.409714
0.410877
0.413355
0.414848
0.416290
0.418115
0.419573
0.421564
0.423529
0.424924
0.426658
0.428476
0.430258
0.432836
0.433905
0.435850
0.438078
0.439348
0.441176
0.443533
0.444887
0.447826
0.448705
0.450515
0.452400
0.454160
0.455979
0.457619
0.458862
0.461290
0.463048
0.465406
0.466980
0.468550
0.470584
0.472159
0.473980
0.475438
0.477621
0.479189
0.481579
0.493011
0.485198
0.487026
0.489055
0.490751
0.492503
0.494774
0.495786
0.498249
0.499853
0.501657
0.503522
0.505935
0.507897
0.510095
0.511656
0.513999
0.515213
0.517301
0.519357
0.521218
0.523026
0.525165
0.528219
0.528742
0.532351
0.532854
0.534166
0.536349
0.537629
0.539039
0.541518
0.543560
0.545983
0.547820
0.550605
0.551507
0.553295
0.555976
0.558115
0.559668
0.561421
0.563100
0.564941
0.567240
0.570063
0.572074
0.573575
0.575406
0.577651
0.579181
0.581523
0.583893
0.585719
0.587337
0.590391
0.591718
0.593989
0.595518
0.598193
0.599131
0.601530
0.603499
0.605137
0.607264
0.609556
0.611575
0.614280
0.616230
0.617659
0.619392
0.621693
0.623955
0.626130
0.628246
0.629814
0.631922
0.634125
0.635635
0.638006
0.640355
0.641138
0.643961
0.646447
0.647482
0.650427
0.653161
0.655323
0.656519
0.658783
0.661426
0.662909
0.665864
0.667520
0.669107
0.671763
0.673795
0.676293
0.678356
0.680181
0.682881
0.684664
0.687148
0.690257
0.691656
0.693892
0.695944
0.697827
0.699698
0.701335
0.704501
0.706280
0.708454
0.710446
0.712698
0.715245
0.719314
0.719002
0.721748
0.723148
0.728474
0.726590
0.730937
0.732364
0.735084
0.738502
0.740656
0.741513
0.745250
0.746478
0.748325
0.750181
0.752765
0.755028
