0.000736
0.001490
0.002280
0.003017
0.003766
0.004547
0.005296
0.006093
0.006837
0.007620
0.008393
0.009164
0.009975
0.010775
0.011494
0.012382
0.013136
0.013961
0.014705
0.015484
0.016558
0.017340
0.017901
0.018926
0.019605
0.020510
0.021373
0.022156
0.023039
0.023866
0.024723
0.025612
0.026414
0.027334
0.028137
0.029112
0.029947
0.031244
0.036685
0.034172
0.036439
0.036432
0.037277
0.037973
0.037457
0.038078
0.038978
0.039910
0.040830
0.041649
0.042563
0.043594
0.045070
0.045826
0.046103
0.047687
0.048349
0.049241
0.050168
0.050977
0.051933
0.052861
0.053737
0.054641
0.056052
0.056767
0.057737
0.058479
0.059639
0.060318
0.061512
0.062681
0.063464
0.065351
0.065572
0.066499
0.067585
0.068410
0.069416
0.070530
0.071595
0.072317
0.073177
0.074436
0.075408
0.076406
0.077679
0.078869
0.079624
0.080516
0.081517
0.082567
0.083961
0.085027
0.085656
0.086676
0.087750
0.088989
0.089806
0.091594
0.092049
0.093066
0.093913
0.095454
0.096741
0.097245
0.098526
0.099423
0.100608
0.110089
0.103904
0.104395
0.105463
0.107346
0.107697
0.108491
0.109410
0.110504
0.111723
0.112958
0.114043
0.115331
0.117012
0.117937
0.118285
0.119821
0.121082
0.122324
0.123265
0.124097
0.125980
0.126921
0.127839
0.128898
0.130101
0.131357
0.132433
0.133659
0.135529
0.136140
0.137454
0.138656
0.139924
0.141016
0.142119
0.143238
0.144872
0.145639
0.146840
0.147477
0.149279
0.150667
0.152181
0.153022
0.154329
0.155433
0.156571
0.157699
0.159458
0.160347
0.161215
0.162689
0.163803
0.165224
0.166580
0.168465
0.168849
0.169976
0.171307
0.172278
0.174156
0.175577
0.176109
0.177572
0.179139
0.180479
0.182102
0.182776
0.184185
0.185555
0.186799
0.187982
0.189835
0.190408
0.191784
0.193385
0.193942
0.196312
0.196613
0.197961
0.199411
0.200727
0.202723
0.203407
0.204811
0.206357
0.207851
0.208721
0.210193
0.211775
0.213413
0.215018
0.216171
0.216781
0.219013
0.219966
0.221937
0.222578
0.224138
0.225512
0.227253
0.228220
0.229531
0.231351
0.232507
0.234850
0.235101
0.236776
0.238389
0.240080
0.241039
0.242283
0.243899
0.246272
0.246136
0.257700
0.249375
0.251265
0.252531
0.253828
0.255252
0.257168
0.257826
0.259435
0.261162
0.263520
0.263649
0.265204
0.267144
0.268602
0.269397
0.271123
0.273938
0.274539
0.275241
0.276714
0.279335
0.279599
0.281943
0.283671
0.284676
0.286593
0.287859
0.290001
0.290280
0.292256
0.294089
0.295011
0.297008
0.298131
0.300430
0.301916
0.303749
0.305604
0.306258
0.307347
0.309994
0.310873
0.312354
0.314883
0.316855
0.319995
0.319144
0.321294
0.322126
0.323265
0.325223
0.343809
0.331175
0.330240
0.331507
0.333381
0.334978
0.336717
0.338671
0.339887
0.341224
0.342315
0.344129
0.346189
0.347943
0.348830
0.350841
0.353177
0.353904
0.354886
0.358102
0.359318
0.361114
0.362756
0.363765
0.366088
0.367521
0.369103
0.370587
0.372251
0.373482
0.375847
0.376835
0.379081
0.381024
0.382024
0.384246
0.385405
0.386885
0.390010
0.390701
0.392394
0.393973
0.395658
0.397454
0.399090
0.400514
0.402467
0.403836
0.406838
0.406927
0.410127
0.411490
0.412719
0.416431
0.416425
0.418897
0.419001
0.421222
0.423840
0.424366
0.427382
0.428250
0.430529
0.431075
0.434011
0.436444
0.436437
0.438871
0.440593
0.443570
0.444198
0.446760
0.447405
0.450271
0.452698
0.453674
0.456376
0.457325
0.460147
0.461845
0.463999
0.463695
0.466364
0.468101
0.470722
0.470914
0.474037
0.475347
0.476923
0.479057
0.479609
0.482430
0.483704
0.485976
0.488023
0.490679
0.492090
0.493812
0.495400
0.498190
0.499493
0.502327
0.503219
0.505424
0.506592
0.508611
0.510014
0.513195
0.514299
0.517091
0.518732
0.521353
0.522040
0.525442
0.526983
0.528309
0.529974
0.532873
0.535469
0.535753
0.538359
0.538317
0.541754
0.542940
0.545451
0.546630
0.549784
0.551779
0.553332
0.556573
0.558200
0.560539
0.565694
0.563962
0.565696
0.567509
0.571435
0.570402
0.573256
0.573632
0.576720
0.577322
0.580181
0.583926
0.585914
0.588671
0.589761
0.592209
0.594706
0.595861
0.600865
0.599553
0.602887
0.604698
0.612964
0.612334
0.608214
0.611390
0.613836
0.614631
0.617475
0.619481
0.622148
0.623166
0.623827
0.627884
0.629217
0.630707
0.634421
0.636351
0.636448
0.640392
0.642716
0.644813
0.646486
0.647387
0.649967
0.652312
0.653940
0.655845
0.658741
0.659607
0.661681
0.664889
0.666667
0.669614
0.672714
0.674016
0.676792
0.677358
0.678089
0.682245
0.684152
0.685808
0.687633
0.690115
0.691719
0.694090
0.696632
0.698503
0.700730
0.702064
0.704829
0.706814
0.709522
0.710659
0.714050
0.715471
0.720317
0.723913
0.723969
0.726495
0.729164
0.732343
0.733021
0.735657
0.737693
0.740321
0.741052
0.744105
0.746472
0.748997
0.749726
