0.000740
0.001517
0.002094
0.002712
0.003440
0.004093
0.004850
0.005806
0.006697
0.007532
0.008365
0.009261
0.009918
0.010884
0.011551
0.012451
0.013173
0.014109
0.014852
0.015688
0.016496
0.017424
0.018202
0.020030
0.020425
0.020801
0.021616
0.022446
0.023311
0.024172
0.024908
0.025882
0.026745
0.027503
0.028533
0.029288
0.031351
0.033438
0.040548
0.041914
0.043692
0.039318
0.038056
0.036846
0.037675
0.038709
0.039398
0.040265
0.041122
0.042133
0.042876
0.045629
0.048689
0.049408
0.050373
0.051625
0.052692
0.053618
0.054761
0.055975
0.057006
0.057945
0.058959
0.060082
0.061695
0.062209
0.060564
0.059780
0.060885
0.061511
0.062760
0.063800
0.064503
0.065456
0.066064
0.067568
0.068957
0.069616
0.070009
0.071045
0.071936
0.072941
0.073930
0.074980
0.076175
0.077145
0.078184
0.079273
0.080228
0.081658
0.082320
0.083127
0.084450
0.085279
0.086423
0.087641
0.088509
0.089842
0.090817
0.091835
0.092884
0.094249
0.094951
0.096296
0.097202
0.098245
0.099398
0.100485
0.101747
0.102696
0.103871
0.105133
0.106210
0.107102
0.108393
0.109283
0.110440
0.111907
0.112971
0.114027
0.115611
0.116060
0.117301
0.118435
0.119900
0.120713
0.121732
0.123055
0.124661
0.125985
0.126551
0.127791
0.128951
0.130466
0.131362
0.132324
0.134266
0.134951
0.135984
0.137052
0.139126
0.139908
0.140895
0.142602
0.143741
0.144554
0.145646
0.146770
0.148186
0.149490
0.150905
0.151702
0.153187
0.154512
0.155476
0.156771
0.157943
0.159404
0.160189
0.161336
0.162881
0.164034
0.165072
0.166925
0.167860
0.168986
0.170316
0.171904
0.173112
0.174285
0.175363
0.176884
0.178185
0.179345
0.181091
0.181629
0.183177
0.184437
0.185545
0.186723
0.188606
0.189300
0.190785
0.192264
0.193545
0.195149
0.195866
0.197279
0.198990
0.200237
0.202091
0.202697
0.204138
0.205247
0.206923
0.208745
0.209764
0.211309
0.212495
0.214264
0.215333
0.216620
0.218596
0.219674
0.221381
0.222567
0.223818
0.225139
0.226493
0.227298
0.228526
0.230549
0.232148
0.233932
0.234684
0.236214
0.236943
0.239004
0.239992
0.241470
0.242870
0.245097
0.245918
0.247289
0.249173
0.250433
0.251833
0.253426
0.254759
0.256765
0.257360
0.259558
0.260678
0.262396
0.263596
0.284770
0.266784
0.268300
0.268904
0.270954
0.272633
0.273622
0.274841
0.276225
0.278082
0.279504
0.281985
0.283024
0.284629
0.285457
0.286862
0.288887
0.290127
0.291027
0.293072
0.295565
0.296064
0.297869
0.299811
0.300679
0.301972
0.304462
0.305373
0.306933
0.308772
0.310017
0.311077
0.313401
0.315922
0.316537
0.317800
0.319979
0.321136
0.322722
0.324787
0.325848
0.327481
0.329325
0.331078
0.331773
0.334697
0.335602
0.337207
0.339450
0.340114
0.342006
0.343806
0.344643
0.346557
0.348504
0.349879
0.351325
0.353691
0.354514
0.357463
0.358170
0.360079
0.361860
0.362692
0.364817
0.366333
0.367592
0.369153
0.371337
0.373863
0.375227
0.376279
0.377924
0.380228
0.381711
0.383218
0.385798
0.386629
0.388502
0.389911
0.391636
0.394132
0.395422
0.397448
0.399274
0.400230
0.403358
0.403560
0.405495
0.406885
0.409299
0.412337
0.412291
0.414274
0.415241
0.417801
0.419223
0.421117
0.423469
0.424159
0.426775
0.427740
0.430217
0.433773
0.433256
0.435550
0.436939
0.438792
0.441360
0.442321
0.443740
0.445528
0.448410
0.449802
0.453046
0.453268
0.454890
0.456962
0.458585
0.460939
0.463084
0.464471
0.465575
0.468223
0.469085
0.471959
0.473402
0.475018
0.476607
0.479403
0.480883
0.482622
0.483674
0.487533
0.487990
0.490196
0.491058
0.493744
0.495323
0.499261
0.499167
0.502827
0.502845
0.505385
0.506073
0.508341
0.509779
0.512739
0.514404
0.515889
0.517303
0.520533
0.522949
0.525499
0.525172
0.527935
0.529298
0.531872
0.532907
0.536918
0.537654
0.539842
0.541845
0.543093
0.545156
0.547458
0.549576
0.552882
0.572313
0.554223
0.556452
0.558793
0.561134
0.562646
0.563911
0.566332
0.567991
0.570728
0.571931
0.573984
0.577231
0.579082
0.580500
0.583188
0.584444
0.586790
0.588615
0.590619
0.592683
0.595304
0.597338
0.598755
0.600653
0.608919
0.605011
0.607471
0.607799
0.610068
0.612248
0.613484
0.617509
0.617422
0.620487
0.623264
0.624381
0.627794
0.629345
0.631822
0.633645
0.635721
0.637160
0.639307
0.641818
0.643944
0.645621
0.647312
0.648750
0.651576
0.653134
0.656130
0.657284
0.660282
0.662451
0.664302
0.667115
0.668805
0.670459
0.672525
0.675045
0.677648
0.678623
0.681776
0.684264
0.684622
0.687408
0.688200
0.691366
0.694307
0.697862
0.697901
0.701024
0.702365
0.705219
0.705918
0.708905
0.711394
0.713450
0.714784
0.718421
0.719980
0.721619
0.724403
0.726764
0.728308
0.730516
0.732859
0.734639
0.737176
0.739909
0.742278
0.744956
0.745044
0.748612
0.750652
0.754186
